0 2
1 1
2 0
3 0
4 0
5 0
6 1
7 0
8 0
9 2
10 0
11 0
12 6
13 0
14 0
15 1
16 0
17 2
18 2
19 0
20 0
21 0
22 4
23 0
24 2
25 2
26 2
27 1
28 0
29 0
30 2
31 0
32 0
33 0
34 0
35 0
36 0
37 1
38 2
39 2
40 0
41 0
42 0
43 0
44 3
45 0
46 0
47 3
48 0
49 4
50 0
51 1
52 0
53 0
54 1
55 0
56 4
57 0
58 0
59 0
60 0
61 0
62 0
63 0
64 1
65 0
66 0
67 0
68 4
69 0
70 0
71 0
72 0
73 2
74 0
75 2
76 0
77 2
78 1
79 0
80 0
81 0
82 2
83 0
84 2
85 2
86 0
87 0
88 0
89 0
90 0
91 0
92 0
93 0
94 0
95 0
96 0
97 5
98 0
99 0
100 2
101 0
102 2
103 0
104 0
105 0
106 0
107 2
108 0
109 0
110 0
111 2
112 2
113 0
114 2
115 0
116 0
117 0
118 0
119 2
120 0
121 0
122 3
123 0
124 0
125 0
126 2
127 1
128 0
129 0
130 0
131 2
132 0
133 14
134 2
135 0
136 2
137 0
138 2
139 0
140 0
141 0
142 2
143 5
144 0
145 0
146 0
147 0
148 0
149 1
150 0
151 4
152 0
153 0
154 2
155 2
156 0
157 0
158 1
159 0
160 0
161 0
162 0
163 0
164 7
165 2
166 0
167 2
168 0
169 0
170 0
171 0
172 0
173 2
174 0
175 0
176 0
177 6
178 2
179 0
180 0
181 0
182 0
183 0
184 2
185 2
186 2
187 0
188 0
189 0
190 0
191 2
192 0
193 0
194 0
195 2
196 2
197 0
198 2
199 0
200 0
201 0
202 0
203 0
204 2
205 3
206 4
207 0
208 0
209 0
210 0
211 0
212 0
213 2
214 0
215 2
216 3
217 0
218 0
219 1
220 0
221 0
222 2
223 2
224 2
225 1
226 0
227 0
228 0
229 2
230 0
231 2
232 2
233 0
234 0
235 0
236 0
237 0
238 0
239 0
240 2
241 0
242 2
243 6
244 0
245 6
246 0
247 2
248 0
249 2
250 0
251 2
252 2
253 14
254 2
255 0
256 2
257 0
258 0
259 0
260 0
261 0
262 2
263 0
264 0
265 3
266 0
267 0
268 0
269 1
270 0
271 0
272 0
273 0
274 1
275 0
276 0
277 0
278 0
279 0
280 0
281 2
282 7
283 2
284 0
285 2
286 0
287 2
288 0
289 0
290 0
291 4
292 0
293 0
294 0
295 0
296 2
297 0
298 2
299 0
300 3
301 0
302 1
303 2
304 0
305 14
306 0
307 2
308 0
309 0
310 7
311 3
312 2
313 0
314 0
315 0
316 0
317 0
318 1
319 6
320 2
321 0
322 0
323 0
324 2
325 0
326 0
327 0
328 0
329 2
330 0
331 0
332 0
333 3
334 5
335 0
336 3
337 0
338 3
339 1
340 1
341 2
342 0
343 0
344 0
345 3
346 0
347 0
348 0
349 0
350 0
351 2
352 0
353 0
354 4
355 0
356 0
357 0
358 0
359 0
360 0
361 0
362 2
363 2
364 0
365 1
366 0
367 0
368 0
369 2
370 1
371 0
372 2
373 0
374 0
375 0
376 0
377 0
378 0
379 0
380 3
381 0
382 2
383 0
384 0
385 2
386 3
387 2
388 0
389 2
390 2
391 2
392 1
393 1
394 0
395 0
396 2
397 0
398 5
399 0
400 2
401 0
402 0
403 0
404 0
405 2
406 0
407 0
408 0
409 2
410 3
411 0
412 1
413 0
414 2
415 0
416 3
417 0
418 0
419 0
420 0
421 2
422 0
423 2
424 0
425 7
426 0
427 8
428 0
429 3
430 0
431 0
432 0
433 0
434 2
435 0
436 0
437 0
438 0
439 0
440 2
441 1
442 0
443 0
444 0
445 0
446 0
447 0
448 0
449 6
450 0
451 0
452 2
453 0
454 2
455 0
456 3
457 8
458 0
459 3
460 0
461 0
462 0
463 3
464 2
465 1
466 0
467 2
468 0
469 2
470 2
471 0
472 2
473 0
474 0
475 4
476 2
477 0
478 2
479 2
480 7
481 4
482 0
483 4
484 0
485 1
486 1
487 0
488 0
489 0
490 4
491 0
492 0
493 0
494 0
495 0
496 7
497 0
498 0
499 0
500 0
501 0
502 0
503 3
504 0
505 2
506 0
507 2
508 2
509 8
510 2
511 0
512 2
513 0
514 2
515 0
516 0
517 0
518 0
519 3
520 0
521 3
522 0
523 2
524 0
525 2
526 0
527 0
528 0
529 2
530 2
531 0
532 0
533 0
534 0
535 0
536 0
537 2
538 2
539 3
540 0
541 4
542 0
543 2
544 0
545 2
546 2
547 0
548 0
549 0
550 2
551 0
552 0
553 0
554 0
555 0
556 2
557 0
558 3
559 5
560 2
561 2
562 0
563 2
564 0
565 7
566 6
567 2
568 2
569 0
570 1
571 0
572 0
573 0
574 2
575 2
576 2
577 0
578 0
579 0
580 0
581 0
582 0
583 0
584 0
585 5
586 0
587 3
588 2
589 0
590 2
591 0
592 0
593 0
594 0
595 2
596 6
597 0
598 1
599 4
600 0
601 0
602 0
603 2
604 3
605 0
606 0
607 0
608 0
609 0
610 7
611 0
612 0
613 0
614 0
615 0
616 0
617 0
618 2
619 2
620 0
621 1
622 0
623 0
624 0
625 1
626 2
627 0
628 3
629 0
630 0
631 0
632 2
633 3
634 0
635 0
636 2
637 0
638 2
639 2
640 0
641 3
642 0
643 0
644 0
645 6
646 0
647 3
648 1
649 0
650 2
651 0
652 4
653 0
654 6
655 10
656 2
657 2
658 0
659 3
660 0
661 0
662 0
663 2
664 0
665 0
666 2
667 0
668 0
669 0
670 2
671 6
672 2
673 0
674 6
675 0
676 2
677 0
678 0
679 0
680 0
681 5
682 0
683 2
684 0
685 0
686 1
687 0
688 4
689 0
690 0
691 0
692 3
693 2
694 3
695 0
696 2
697 2
698 0
699 0
700 2
701 2
702 0
703 2
704 0
705 1
706 3
707 2
708 6
709 0
710 2
711 0
712 0
713 0
714 0
715 2
716 0
717 2
718 0
719 4
720 0
721 2
722 0
723 0
724 1
725 3
726 0
727 2
728 2
729 0
730 2
731 0
732 0
733 0
734 0
735 1
736 2
737 1
738 0
739 1
740 0
741 2
742 2
743 2
744 0
745 0
746 0
747 0
748 0
749 0
750 3
751 0
752 0
753 0
754 2
755 10
756 0
757 0
758 0
759 3
760 0
761 0
762 0
763 2
764 1
765 0
766 3
767 0
768 1
769 0
770 8
771 0
772 2
773 0
774 0
775 2
776 0
777 0
778 0
779 0
780 0
781 7
782 0
783 8
784 0
785 2
786 1
787 0
788 2
789 0
790 1
791 0
792 0
793 2
794 0
795 0
796 0
797 0
798 0
799 2
800 3
801 1
802 0
803 2
804 2
805 0
806 2
807 0
808 2
809 0
810 2
811 0
812 2
813 0
814 5
815 4
816 0
817 2
818 0
819 4
820 0
821 0
822 3
823 3
824 4
825 0
826 2
827 0
828 2
829 2
830 0
831 0
832 0
833 0
834 8
835 2
836 1
837 0
838 0
839 0
840 2
841 1
842 0
843 2
844 0
845 3
846 0
847 0
848 0
849 1
850 2
851 0
852 2
853 0
854 0
855 0
856 0
857 1
858 7
859 0
860 6
861 0
862 0
863 0
864 0
865 0
866 0
867 2
868 0
869 2
870 2
871 0
872 3
873 0
874 2
875 0
876 2
877 0
878 0
879 0
880 2
881 2
882 0
883 0
884 0
885 2
886 6
887 0
888 0
889 2
890 2
891 0
892 0
893 0
894 2
895 0
896 1
897 0
898 1
899 0
900 2
901 2
902 0
903 2
904 0
905 0
906 0
907 2
908 2
909 0
910 2
911 0
912 4
913 0
914 2
915 0
916 0
917 0
918 3
919 0
920 0
921 2
922 1
923 0
924 0
925 2
926 0
927 2
928 0
929 0
930 4
931 3
932 3
933 8
934 2
935 0
936 7
937 0
938 2
939 2
940 0
941 2
942 0
943 2
944 0
945 3
946 1
947 0
948 2
949 0
950 0
951 0
952 2
953 0
954 2
955 0
956 2
957 0
958 3
959 2
960 0
961 3
962 0
963 2
964 4
965 4
966 2
967 4
968 7
969 0
970 2
971 0
972 0
973 0
974 3
975 1
976 3
977 0
978 1
979 2
980 0
981 0
982 0
983 0
984 0
985 2
986 0
987 0
988 0
989 2
990 2
991 4
992 3
993 0
994 0
995 0
996 2
997 3
998 0
999 2
1000 0
1001 3
1002 3
1003 4
1004 0
1005 2
1006 7
1007 0
1008 0
1009 3
1010 4
1011 4
1012 2
1013 0
1014 3
1015 2
1016 2
1017 2
1018 5
1019 0
1020 2
1021 4
1022 0
1023 3
1024 0
1025 0
1026 0
1027 4
1028 1
1029 0
1030 0
1031 0
1032 0
1033 3
1034 0
1035 0
1036 4
1037 0
1038 0
1039 4
1040 0
1041 3
1042 0
1043 2
1044 0
1045 0
1046 7
1047 7
1048 0
1049 0
1050 2
1051 0
1052 0
1053 6
1054 0
1055 0
1056 3
1057 0
1058 0
1059 0
1060 2
1061 0
1062 0
1063 0
1064 0
1065 2
1066 0
1067 2
1068 2
1069 1
1070 2
1071 0
1072 2
1073 0
1074 7
1075 2
1076 0
1077 0
1078 0
1079 2
1080 0
1081 2
1082 0
1083 0
1084 0
1085 0
1086 0
1087 0
1088 2
1089 2
1090 7
1091 2
1092 3
1093 0
1094 0
1095 2
1096 7
1097 6
1098 2
1099 5
1100 0
1101 4
1102 3
1103 5
1104 0
1105 2
1106 0
1107 0
1108 10
1109 0
1110 4
1111 1
1112 3
1113 0
1114 2
1115 3
1116 0
1117 0
1118 0
1119 2
1120 0
1121 0
1122 0
1123 3
1124 0
1125 3
1126 2
1127 2
1128 3
1129 5
1130 0
1131 0
1132 2
1133 2
1134 0
1135 0
1136 4
1137 0
1138 0
1139 0
1140 0
1141 3
1142 142
1143 148
1144 10
1145 4
1146 3
1147 0
1148 6
1149 4
1150 5
1151 2
1152 6
1153 0
1154 3
1155 4
1156 7
1157 4
1158 3
1159 2
1160 0
1161 7
1162 6
1163 4
1164 0
1165 6
1166 7
1167 6
1168 5
1169 3
1170 7
1171 1
1172 9
1173 8
1174 2
1175 6
1176 0
1177 6
1178 6
1179 0
1180 3
1181 6
1182 11
1183 10
1184 8
1185 7
1186 4
1187 10
1188 13
1189 14
1190 15
1191 16
1192 23
1193 10
1194 1
1195 8
1196 9
1197 10
1198 6
1199 6
1200 6
1201 2
1202 8
1203 12
1204 6
1205 5
1206 0
1207 8
1208 6
1209 10
1210 6
1211 5
1212 10
1213 0
1214 12
1215 2
1216 10
1217 4
1218 2
1219 6
1220 5
1221 8
1222 0
1223 2
1224 0
1225 6
1226 6
1227 8
1228 6
1229 8
1230 8
1231 3
1232 5
1233 4
1234 8
1235 6
1236 8
1237 8
1238 1
1239 6
1240 6
1241 0
1242 7
1243 10
1244 4
1245 0
1246 9
1247 4
1248 8
1249 4
1250 4
1251 2
1252 12
1253 10
1254 4
1255 10
1256 3
1257 10
1258 0
1259 12
1260 10
1261 16
1262 11
1263 8
1264 15
1265 2
1266 7
1267 5
1268 10
1269 4
1270 2
1271 7
1272 6
1273 0
1274 9
1275 2
1276 0
1277 3
1278 7
1279 10
1280 8
1281 8
1282 9
1283 10
1284 12
1285 10
1286 12
1287 0
1288 13
1289 15
1290 16
1291 16
1292 4
1293 16
1294 12
1295 6
1296 19
1297 9
1298 20
1299 22
1300 24
1301 15
1302 11
1303 7
1304 10
1305 4
1306 7
1307 0
1308 4
1309 3
1310 12
1311 6
1312 5
1313 6
1314 0
1315 6
1316 2
1317 2
1318 4
1319 2
1320 0
1321 0
1322 5
1323 0
1324 6
1325 0
1326 0
1327 3
1328 8
1329 2
1330 4
1331 6
1332 5
1333 5
1334 0
1335 0
1336 8
1337 7
1338 0
1339 0
1340 3
1341 6
1342 6
1343 2
1344 6
1345 2
1346 3
1347 4
1348 6
1349 4
1350 1
1351 7
1352 3
1353 2
1354 0
1355 0
1356 3
1357 2
1358 0
1359 0
1360 2
1361 4
1362 3
1363 1
1364 1
1365 0
1366 3
1367 4
1368 5
1369 6
1370 5
1371 9
1372 0
1373 4
1374 2
1375 1
1376 2
1377 1
1378 2
1379 0
1380 5
1381 0
1382 0
1383 0
1384 0
1385 3
1386 0
1387 3
1388 4
1389 3
1390 0
1391 2
1392 0
1393 4
1394 0
1395 4
1396 0
1397 3
1398 5
1399 2
1400 5
1401 3
1402 6
1403 2
1404 2
1405 4
1406 2
1407 1
1408 0
1409 0
1410 0
1411 1
1412 4
1413 3
1414 0
1415 3
1416 3
1417 4
1418 2
1419 4
1420 4
1421 1
1422 4
1423 2
1424 4
1425 0
1426 6
1427 4
1428 0
1429 7
1430 1
1431 8
1432 1
1433 4
1434 0
1435 6
1436 10
1437 6
1438 3
1439 0
1440 6
1441 0
1442 3
1443 0
1444 8
1445 2
1446 4
1447 0
1448 6
1449 7
1450 4
1451 5
1452 2
1453 2
1454 2
1455 0
1456 2
1457 6
1458 5
1459 0
1460 0
1461 4
1462 6
1463 4
1464 6
1465 3
1466 6
1467 6
1468 0
1469 0
1470 0
1471 6
1472 3
1473 1
1474 0
1475 6
1476 3
1477 2
1478 4
1479 6
1480 0
1481 0
1482 6
1483 2
1484 6
1485 2
1486 6
1487 4
1488 5
1489 2
1490 3
1491 3
1492 0
1493 2
1494 0
1495 0
1496 2
1497 6
1498 6
1499 4
1500 11
1501 14
1502 8
1503 4
1504 6
1505 4
1506 11
1507 0
1508 6
1509 4
1510 2
1511 4
1512 0
1513 0
1514 3
1515 6
1516 6
1517 4
1518 6
1519 4
1520 0
1521 0
1522 3
1523 2
1524 6
1525 6
1526 0
1527 4
1528 0
1529 6
1530 2
1531 2
1532 0
1533 0
1534 2
1535 2
1536 4
1537 0
1538 0
1539 5
1540 7
1541 2
1542 6
1543 4
1544 2
1545 0
1546 6
1547 6
1548 0
1549 0
1550 2
1551 3
1552 3
1553 4
1554 3
1555 6
1556 0
1557 0
1558 2
1559 0
1560 4
1561 4
1562 6
1563 4
1564 4
1565 0
1566 8
1567 6
1568 2
1569 2
1570 4
1571 6
1572 4
1573 6
1574 6
1575 7
1576 6
1577 2
1578 2
1579 0
1580 0
1581 5
1582 2
1583 3
1584 3
1585 3
1586 8
1587 8
1588 6
1589 9
1590 11
1591 11
1592 4
1593 8
1594 4
1595 4
1596 6
1597 10
1598 10
1599 7
1600 4
1601 3
1602 10
1603 11
1604 12
1605 15
1606 12
1607 15
1608 11
1609 9
1610 9
1611 18
1612 16
1613 17
1614 17
1615 7
1616 17
1617 16
1618 27
1619 24
1620 28
1621 31
1622 34
1623 54
1624 42
1625 39
1626 44
1627 42
1628 47
1629 56
1630 50
1631 56
1632 60
1633 74
1634 71
1635 68
1636 68
1637 80
1638 114
1639 138
1640 152
1641 151
1642 167
1643 132
1644 80
1645 51
1646 24
1647 18
1648 15
1649 6
1650 8
1651 8
1652 12
1653 0
1654 4
1655 5
1656 8
1657 7
1658 4
1659 2
1660 0
1661 6
1662 0
1663 6
1664 3
1665 6
1666 3
1667 8
1668 8
1669 4
1670 2
1671 2
1672 7
1673 0
1674 7
1675 6
1676 0
1677 2
1678 4
1679 9
1680 1
1681 6
1682 0
1683 2
1684 2
1685 1
1686 0
1687 4
1688 0
1689 2
1690 5
1691 2
1692 0
1693 4
1694 6
1695 4
1696 7
1697 2
1698 0
1699 6
1700 2
1701 10
1702 2
1703 3
1704 3
1705 0
1706 1
1707 0
1708 4
1709 0
1710 0
1711 0
1712 4
1713 2
1714 2
1715 4
1716 2
1717 3
1718 0
1719 6
1720 3
1721 5
1722 2
1723 7
1724 7
1725 8
1726 3
1727 0
1728 4
1729 0
1730 4
1731 0
1732 9
1733 2
1734 4
1735 2
1736 1
1737 4
1738 6
1739 5
1740 2
1741 4
1742 0
1743 0
1744 0
1745 10
1746 4
1747 2
1748 4
1749 0
1750 0
1751 0
1752 6
1753 6
1754 3
1755 6
1756 0
1757 6
1758 2
1759 2
1760 0
1761 6
1762 0
1763 6
1764 2
1765 6
1766 12
1767 2
1768 3
1769 2
1770 6
1771 0
1772 6
1773 0
1774 0
1775 5
1776 4
1777 6
1778 2
1779 4
1780 1
1781 4
1782 2
1783 0
1784 7
1785 3
1786 6
1787 0
1788 0
1789 0
1790 8
1791 2
1792 2
1793 1
1794 3
1795 0
1796 0
1797 4
1798 2
1799 8
1800 0
1801 3
1802 0
1803 3
1804 4
1805 6
1806 6
1807 2
1808 1
1809 4
1810 7
1811 0
1812 6
1813 5
1814 3
1815 14
1816 0
1817 4
1818 0
1819 7
1820 0
1821 0
1822 4
1823 6
1824 0
1825 7
1826 0
1827 4
1828 14
1829 3
1830 8
1831 6
1832 2
1833 2
1834 0
1835 7
1836 6
1837 8
1838 5
1839 15
1840 3
1841 8
1842 9
1843 3
1844 10
1845 8
1846 8
1847 7
1848 12
1849 13
1850 14
1851 4
1852 10
1853 4
1854 8
1855 8
1856 11
1857 6
1858 6
1859 10
1860 7
1861 5
1862 9
1863 8
1864 6
1865 5
1866 10
1867 6
1868 13
1869 6
1870 6
1871 1
1872 14
1873 14
1874 4
1875 8
1876 0
1877 11
1878 7
1879 9
1880 11
1881 16
1882 15
1883 3
1884 16
1885 20
1886 19
1887 16
1888 19
1889 14
1890 16
1891 22
1892 24
1893 24
1894 21
1895 31
1896 22
1897 26
1898 34
1899 39
1900 28
1901 32
1902 37
1903 36
1904 37
1905 49
1906 68
1907 78
1908 66
1909 69
1910 34
1911 36
1912 26
1913 15
1914 15
1915 10
1916 2
1917 13
1918 10
1919 14
1920 9
1921 8
1922 9
1923 9
1924 16
1925 12
1926 20
1927 15
1928 14
1929 12
1930 15
1931 22
1932 15
1933 20
1934 14
1935 17
1936 17
1937 18
1938 22
1939 23
1940 24
1941 30
1942 22
1943 23
1944 25
1945 31
1946 31
1947 28
1948 41
1949 34
1950 56
1951 50
1952 49
1953 54
1954 60
1955 69
1956 63
1957 72
1958 71
1959 82
1960 93
1961 89
1962 86
1963 79
1964 111
1965 111
1966 109
1967 115
1968 149
1969 150
1970 224
1971 257
1972 262
1973 246
1974 191
1975 152
1976 90
1977 52
1978 31
1979 20
1980 18
1981 8
1982 11
1983 15
1984 10
1985 15
1986 10
1987 6
1988 10
1989 6
1990 8
1991 6
1992 8
1993 17
1994 0
1995 10
1996 4
1997 11
1998 0
1999 5
2000 6
2001 8
2002 4
2003 6
2004 7
2005 8
2006 2
2007 4
2008 6
2009 6
2010 7
2011 6
2012 7
2013 7
2014 10
2015 4
2016 4
2017 8
2018 4
2019 10
2020 10
2021 10
2022 10
2023 10
2024 6
2025 8
2026 8
2027 10
2028 4
2029 6
2030 11
2031 6
2032 11
2033 6
2034 10
2035 7
2036 5
2037 10
2038 8
2039 8
2040 9
2041 9
2042 6
2043 11
2044 14
2045 8
2046 6
2047 10
2048 10
2049 13
2050 6
2051 15
2052 8
2053 5
2054 13
2055 3
2056 0
2057 9
2058 22
2059 18
2060 13
2061 12
2062 4
2063 17
2064 9
2065 13
2066 9
2067 11
2068 7
2069 8
2070 11
2071 16
2072 10
2073 10
2074 11
2075 10
2076 12
2077 6
2078 13
2079 16
2080 14
2081 0
2082 16
2083 18
2084 12
2085 12
2086 10
2087 12
2088 7
2089 13
2090 1
2091 14
2092 15
2093 13
2094 21
2095 0
2096 22
2097 14
2098 13
2099 13
2100 5
2101 12
2102 8
2103 13
2104 12
2105 11
2106 13
2107 8
2108 11
2109 18
2110 18
2111 17
2112 19
2113 11
2114 0
2115 20
2116 15
2117 13
2118 12
2119 80
2120 17
2121 16
2122 20
2123 17
2124 14
2125 12
2126 15
2127 15
2128 22
2129 23
2130 30
2131 19
2132 17
2133 25
2134 16
2135 21
2136 12
2137 23
2138 10
2139 10
2140 21
2141 15
2142 10
2143 15
2144 0
2145 8
2146 14
2147 19
2148 16
2149 12
2150 17
2151 0
2152 15
2153 15
2154 17
2155 18
2156 18
2157 17
2158 11
2159 14
2160 11
2161 13
2162 14
2163 7
2164 13
2165 25
2166 10
2167 8
2168 17
2169 18
2170 19
2171 18
2172 20
2173 23
2174 17
2175 19
2176 21
2177 17
2178 20
2179 25
2180 23
2181 22
2182 24
2183 23
2184 25
2185 25
2186 30
2187 25
2188 22
2189 24
2190 31
2191 34
2192 37
2193 34
2194 27
2195 24
2196 17
2197 22
2198 28
2199 1
2200 15
2201 21
2202 12
2203 22
2204 76
2205 22
2206 12
2207 15
2208 17
2209 7
2210 14
2211 12
2212 17
2213 13
2214 11
2215 14
2216 17
2217 12
2218 19
2219 17
2220 18
2221 11
2222 17
2223 8
2224 13
2225 0
2226 15
2227 14
2228 12
2229 16
2230 16
2231 16
2232 15
2233 19
2234 14
2235 18
2236 25
2237 90
2238 24
2239 16
2240 25
2241 22
2242 26
2243 26
2244 22
2245 26
2246 30
2247 28
2248 30
2249 24
2250 23
2251 26
2252 34
2253 26
2254 27
2255 27
2256 40
2257 31
2258 33
2259 32
2260 36
2261 46
2262 45
2263 51
2264 50
2265 55
2266 62
2267 54
2268 53
2269 50
2270 42
2271 38
2272 35
2273 20
2274 14
2275 16
2276 18
2277 11
2278 7
2279 14
2280 8
2281 14
2282 12
2283 39
2284 13
2285 9
2286 16
2287 17
2288 11
2289 8
2290 17
2291 15
2292 7
2293 17
2294 18
2295 18
2296 19
2297 21
2298 23
2299 15
2300 24
2301 17
2302 17
2303 15
2304 14
2305 12
2306 15
2307 20
2308 15
2309 0
2310 16
2311 14
2312 20
2313 16
2314 20
2315 25
2316 21
2317 18
2318 19
2319 31
2320 20
2321 24
2322 28
2323 23
2324 23
2325 26
2326 27
2327 30
2328 25
2329 33
2330 31
2331 33
2332 23
2333 35
2334 36
2335 41
2336 33
2337 31
2338 31
2339 45
2340 43
2341 32
2342 38
2343 41
2344 47
2345 65
2346 61
2347 60
2348 55
2349 55
2350 35
2351 31
2352 38
2353 34
2354 23
2355 21
2356 15
2357 15
2358 15
2359 10
2360 13
2361 12
2362 11
2363 8
2364 14
2365 16
2366 11
2367 11
2368 10
2369 8
2370 16
2371 12
2372 13
2373 16
2374 13
2375 13
2376 74
2377 10
2378 13
2379 12
2380 9
2381 10
2382 10
2383 11
2384 14
2385 13
2386 15
2387 9
2388 17
2389 14
2390 19
2391 10
2392 14
2393 13
2394 9
2395 12
2396 13
2397 21
2398 6
2399 8
2400 9
2401 0
2402 14
2403 16
2404 17
2405 10
2406 8
2407 5
2408 6
2409 18
2410 19
2411 14
2412 13
2413 22
2414 15
2415 16
2416 12
2417 17
2418 16
2419 17
2420 6
2421 11
2422 18
2423 7
2424 12
2425 15
2426 14
2427 16
2428 19
2429 15
2430 19
2431 19
2432 20
2433 21
2434 22
2435 19
2436 23
2437 10
2438 12
2439 16
2440 16
2441 17
2442 15
2443 12
2444 11
2445 19
2446 10
2447 14
2448 14
2449 13
2450 17
2451 13
2452 13
2453 9
2454 14
2455 12
2456 0
2457 10
2458 8
2459 15
2460 13
2461 20
2462 17
2463 23
2464 16
2465 25
2466 14
2467 18
2468 17
2469 17
2470 15
2471 21
2472 13
2473 22
2474 23
2475 24
2476 20
2477 17
2478 22
2479 21
2480 21
2481 20
2482 20
2483 31
2484 21
2485 31
2486 23
2487 19
2488 32
2489 20
2490 11
2491 29
2492 30
2493 33
2494 26
2495 24
2496 13
2497 15
2498 19
2499 21
2500 20
2501 14
2502 26
2503 6
2504 10
2505 6
2506 12
2507 13
2508 19
2509 12
2510 12
2511 14
2512 21
2513 16
2514 18
2515 11
2516 12
2517 19
2518 22
2519 14
2520 11
2521 17
2522 15
2523 14
2524 23
2525 21
2526 12
2527 14
2528 83
2529 12
2530 13
2531 19
2532 19
2533 14
2534 8
2535 14
2536 13
2537 19
2538 14
2539 14
2540 19
2541 23
2542 17
2543 22
2544 25
2545 22
2546 20
2547 18
2548 16
2549 16
2550 22
2551 24
2552 25
2553 25
2554 22
2555 18
2556 30
2557 27
2558 23
2559 22
2560 30
2561 25
2562 33
2563 32
2564 30
2565 29
2566 38
2567 30
2568 47
2569 45
2570 47
2571 39
2572 39
2573 31
2574 33
2575 22
2576 28
2577 40
2578 37
2579 27
2580 27
2581 39
2582 18
2583 42
2584 21
2585 22
2586 16
2587 14
2588 17
2589 12
2590 20
2591 68
2592 10
2593 14
2594 15
2595 18
2596 10
2597 12
2598 15
2599 19
2600 12
2601 17
2602 19
2603 7
2604 12
2605 12
2606 15
2607 15
2608 16
2609 17
2610 20
2611 12
2612 11
2613 27
2614 22
2615 34
2616 34
2617 22
2618 28
2619 22
2620 28
2621 33
2622 25
2623 23
2624 22
2625 20
2626 24
2627 20
2628 31
2629 23
2630 23
2631 19
2632 23
2633 25
2634 21
2635 24
2636 23
2637 27
2638 24
2639 27
2640 30
2641 24
2642 35
2643 31
2644 20
2645 29
2646 29
2647 33
2648 27
2649 31
2650 30
2651 33
2652 35
2653 36
2654 45
2655 38
2656 45
2657 38
2658 50
2659 50
2660 51
2661 49
2662 39
2663 39
2664 49
2665 31
2666 27
2667 24
2668 13
2669 23
2670 12
2671 12
2672 7
2673 20
2674 13
2675 15
2676 13
2677 11
2678 13
2679 15
2680 14
2681 14
2682 6
2683 13
2684 20
2685 19
2686 16
2687 9
2688 8
2689 4
2690 15
2691 15
2692 15
2693 15
2694 7
2695 10
2696 13
2697 21
2698 19
2699 14
2700 13
2701 18
2702 14
2703 9
2704 22
2705 5
2706 14
2707 15
2708 10
2709 22
2710 21
2711 15
2712 10
2713 19
2714 13
2715 18
2716 14
2717 22
2718 19
2719 16
2720 14
2721 8
2722 0
2723 17
2724 20
2725 18
2726 22
2727 23
2728 18
2729 24
2730 29
2731 21
2732 13
2733 18
2734 17
2735 23
2736 23
2737 20
2738 24
2739 17
2740 17
2741 20
2742 20
2743 26
2744 22
2745 21
2746 15
2747 20
2748 35
2749 27
2750 33
2751 18
2752 25
2753 20
2754 35
2755 29
2756 31
2757 32
2758 48
2759 37
2760 40
2761 39
2762 30
2763 28
2764 29
2765 26
2766 25
2767 14
2768 0
2769 15
2770 18
2771 6
2772 8
2773 17
2774 15
2775 20
2776 15
2777 19
2778 15
2779 10
2780 19
2781 14
2782 19
2783 11
2784 17
2785 18
2786 84
2787 20
2788 2
2789 13
2790 22
2791 8
2792 23
2793 22
2794 17
2795 23
2796 24
2797 21
2798 18
2799 18
2800 17
2801 19
2802 23
2803 15
2804 21
2805 22
2806 14
2807 16
2808 23
2809 25
2810 18
2811 20
2812 25
2813 21
2814 33
2815 26
2816 26
2817 20
2818 29
2819 34
2820 21
2821 23
2822 21
2823 16
2824 17
2825 21
2826 26
2827 49
2828 91
2829 111
2830 110
2831 92
2832 92
2833 76
2834 81
2835 151
2836 64
2837 53
2838 48
2839 19
2840 19
2841 14
2842 21
2843 15
2844 15
2845 17
2846 19
2847 18
2848 14
2849 5
2850 12
2851 9
2852 17
2853 15
2854 16
2855 11
2856 12
2857 15
2858 18
2859 14
2860 5
2861 7
2862 22
2863 21
2864 11
2865 2
2866 16
2867 22
2868 20
2869 26
2870 22
2871 20
2872 19
2873 21
2874 21
2875 20
2876 24
2877 20
2878 18
2879 20
2880 18
2881 21
2882 23
2883 20
2884 21
2885 18
2886 25
2887 17
2888 28
2889 29
2890 26
2891 33
2892 35
2893 29
2894 28
2895 25
2896 25
2897 31
2898 19
2899 17
2900 10
2901 21
2902 19
2903 15
2904 14
2905 15
2906 15
2907 14
2908 17
2909 10
2910 19
2911 8
2912 6
2913 15
2914 17
2915 10
2916 10
2917 20
2918 8
2919 19
2920 17
2921 11
2922 18
2923 4
2924 19
2925 8
2926 9
2927 15
2928 19
2929 1
2930 18
2931 10
2932 14
2933 17
2934 20
2935 17
2936 12
2937 17
2938 11
2939 15
2940 19
2941 13
2942 8
2943 12
2944 14
2945 11
2946 17
2947 20
2948 13
2949 17
2950 14
2951 18
2952 12
2953 9
2954 13
2955 20
2956 16
2957 17
2958 14
2959 18
2960 22
2961 14
2962 20
2963 17
2964 16
2965 21
2966 18
2967 16
2968 20
2969 21
2970 16
2971 20
2972 26
2973 26
2974 12
2975 25
2976 19
2977 21
2978 24
2979 1
2980 31
2981 26
2982 29
2983 22
2984 14
2985 22
2986 22
2987 23
2988 24
2989 20
2990 28
2991 39
2992 29
2993 29
2994 25
2995 25
2996 16
2997 22
2998 15
2999 17
3000 8
3001 14
3002 19
3003 15
3004 15
3005 10
3006 5
3007 10
3008 15
3009 6
3010 14
3011 17
3012 17
3013 14
3014 13
3015 17
3016 11
3017 10
3018 12
3019 10
3020 7
3021 14
3022 12
3023 11
3024 17
3025 14
3026 6
3027 4
3028 7
3029 21
3030 16
3031 9
3032 12
3033 7
3034 6
3035 17
3036 14
3037 14
3038 16
3039 19
3040 14
3041 2
3042 15
3043 14
3044 21
3045 16
3046 12
3047 7
3048 2
3049 19
3050 16
3051 17
3052 14
3053 8
3054 17
3055 15
3056 14
3057 13
3058 14
3059 8
3060 12
3061 7
3062 15
3063 16
3064 17
3065 22
3066 15
3067 16
3068 14
3069 14
3070 7
3071 15
3072 12
3073 15
3074 25
3075 23
3076 15
3077 16
3078 13
3079 13
3080 20
3081 19
3082 16
3083 16
3084 19
3085 19
3086 16
3087 19
3088 26
3089 19
3090 27
3091 22
3092 18
3093 24
3094 17
3095 23
3096 19
3097 24
3098 23
3099 25
3100 30
3101 20
3102 20
3103 47
3104 35
3105 18
3106 19
3107 21
3108 14
3109 16
3110 23
3111 15
3112 11
3113 21
3114 11
3115 7
3116 11
3117 9
3118 7
3119 14
3120 15
3121 17
3122 16
3123 12
3124 15
3125 1
3126 14
3127 14
3128 12
3129 10
3130 11
3131 11
3132 11
3133 21
3134 11
3135 13
3136 7
3137 28
3138 15
3139 15
3140 13
3141 9
3142 14
3143 4
3144 13
3145 17
3146 15
3147 10
3148 13
3149 18
3150 13
3151 18
3152 15
3153 12
3154 14
3155 10
3156 10
3157 15
3158 14
3159 17
3160 14
3161 11
3162 15
3163 11
3164 19
3165 11
3166 17
3167 15
3168 3
3169 11
3170 12
3171 18
3172 16
3173 20
3174 13
3175 22
3176 20
3177 17
3178 14
3179 13
3180 15
3181 21
3182 16
3183 32
3184 15
3185 14
3186 19
3187 17
3188 18
3189 18
3190 23
3191 19
3192 20
3193 16
3194 0
3195 22
3196 21
3197 35
3198 18
3199 25
3200 11
3201 17
3202 22
3203 23
3204 30
3205 22
3206 29
3207 20
3208 19
3209 28
3210 33
3211 37
3212 31
3213 35
3214 51
3215 143
3216 371
3217 510
3218 512
3219 659
3220 630
3221 530
3222 467
3223 457
3224 408
3225 308
3226 279
3227 189
3228 190
3229 97
3230 49
3231 28
3232 29
3233 25
3234 30
3235 23
3236 25
3237 22
3238 29
3239 20
3240 28
3241 28
3242 25
3243 23
3244 33
3245 30
3246 10
3247 26
3248 21
3249 19
3250 18
3251 20
3252 13
3253 22
3254 25
3255 17
3256 16
3257 19
3258 11
3259 12
3260 19
3261 36
3262 48
3263 48
3264 22
3265 60
3266 60
3267 52
3268 40
3269 50
3270 44
3271 34
3272 30
3273 16
3274 17
3275 18
3276 21
3277 17
3278 17
3279 21
3280 11
3281 10
3282 10
3283 13
3284 8
3285 13
3286 18
3287 19
3288 15
3289 23
3290 0
3291 12
3292 18
3293 17
3294 11
3295 18
3296 10
3297 11
3298 18
3299 13
3300 15
3301 17
3302 15
3303 22
3304 11
3305 19
3306 14
3307 17
3308 14
3309 10
3310 14
3311 16
3312 20
3313 12
3314 10
3315 21
3316 18
3317 7
3318 19
3319 20
3320 18
3321 9
3322 10
3323 19
3324 23
3325 76
3326 16
3327 23
3328 12
3329 22
3330 14
3331 18
3332 17
3333 14
3334 11
3335 19
3336 14
3337 18
3338 27
3339 20
3340 17
3341 14
3342 17
3343 22
3344 21
3345 19
3346 17
3347 19
3348 16
3349 17
3350 17
3351 19
3352 13
3353 5
3354 11
3355 13
3356 12
3357 11
3358 15
3359 11
3360 15
3361 12
3362 14
3363 15
3364 13
3365 17
3366 14
3367 12
3368 10
3369 14
3370 10
3371 9
3372 15
3373 7
3374 6
3375 12
3376 14
3377 14
3378 13
3379 0
3380 5
3381 16
3382 17
3383 5
3384 19
3385 14
3386 11
3387 25
3388 14
3389 15
3390 10
3391 15
3392 82
3393 7
3394 17
3395 13
3396 17
3397 13
3398 11
3399 17
3400 11
3401 12
3402 28
3403 17
3404 10
3405 15
3406 13
3407 14
3408 23
3409 13
3410 14
3411 7
3412 12
3413 20
3414 13
3415 14
3416 17
3417 6
3418 15
3419 9
3420 15
3421 15
3422 7
3423 15
3424 3
3425 10
3426 21
3427 14
3428 15
3429 15
3430 12
3431 11
3432 19
3433 19
3434 13
3435 6
3436 10
3437 11
3438 17
3439 17
3440 18
3441 14
3442 15
3443 14
3444 15
3445 21
3446 21
3447 22
3448 14
3449 16
3450 14
3451 14
3452 18
3453 16
3454 20
3455 17
3456 20
3457 21
3458 26
3459 18
3460 14
3461 20
3462 15
3463 0
3464 10
3465 24
3466 16
3467 15
3468 12
3469 9
3470 9
3471 7
3472 14
3473 18
3474 6
3475 4
3476 8
3477 14
3478 13
3479 17
3480 21
3481 17
3482 11
3483 15
3484 17
3485 15
3486 10
3487 10
3488 19
3489 17
3490 6
3491 7
3492 13
3493 13
3494 16
3495 8
3496 23
3497 17
3498 11
3499 14
3500 15
3501 22
3502 22
3503 13
3504 17
3505 8
3506 11
3507 6
3508 10
3509 13
3510 15
3511 17
3512 14
3513 6
3514 12
3515 7
3516 6
3517 13
3518 18
3519 14
3520 14
3521 7
3522 14
3523 12
3524 14
3525 11
3526 11
3527 15
3528 14
3529 15
3530 14
3531 11
3532 21
3533 12
3534 14
3535 17
3536 17
3537 8
3538 14
3539 14
3540 8
3541 15
3542 12
3543 13
3544 16
3545 12
3546 9
3547 7
3548 11
3549 11
3550 16
3551 6
3552 10
3553 8
3554 20
3555 12
3556 10
3557 10
3558 7
3559 5
3560 7
3561 30
3562 19
3563 14
3564 12
3565 13
3566 10
3567 14
3568 19
3569 17
3570 19
3571 6
3572 20
3573 17
3574 18
3575 17
3576 11
3577 19
3578 15
3579 6
3580 16
3581 17
3582 19
3583 18
3584 12
3585 25
3586 14
3587 17
3588 18
3589 11
3590 17
3591 12
3592 14
3593 13
3594 17
3595 15
3596 13
3597 14
3598 18
3599 18
3600 16
3601 18
3602 14
3603 13
3604 14
3605 22
3606 21
3607 16
3608 10
3609 6
3610 11
3611 18
3612 18
3613 12
3614 15
3615 18
3616 11
3617 11
3618 22
3619 9
3620 11
3621 12
3622 14
3623 9
3624 13
3625 18
3626 6
3627 27
3628 15
3629 15
3630 10
3631 16
3632 10
3633 14
3634 13
3635 8
3636 18
3637 10
3638 9
3639 12
3640 15
3641 0
3642 10
3643 9
3644 12
3645 13
3646 10
3647 14
3648 14
3649 8
3650 10
3651 9
3652 7
3653 14
3654 19
3655 20
3656 12
3657 17
3658 17
3659 14
3660 15
3661 0
3662 13
3663 15
3664 17
3665 14
3666 14
3667 13
3668 14
3669 16
3670 13
3671 0
3672 15
3673 14
3674 9
3675 16
3676 17
3677 13
3678 11
3679 15
3680 16
3681 10
3682 10
3683 14
3684 17
3685 8
3686 13
3687 16
3688 15
3689 15
3690 15
3691 17
3692 10
3693 13
3694 15
3695 14
3696 12
3697 8
3698 13
3699 6
3700 13
3701 23
3702 14
3703 11
3704 14
3705 11
3706 19
3707 13
3708 16
3709 17
3710 16
3711 17
3712 6
3713 12
3714 11
3715 13
3716 16
3717 18
3718 10
3719 14
3720 17
3721 19
3722 17
3723 16
3724 18
3725 6
3726 15
3727 13
3728 16
3729 14
3730 15
3731 14
3732 13
3733 18
3734 16
3735 15
3736 22
3737 13
3738 14
3739 15
3740 11
3741 18
3742 5
3743 14
3744 18
3745 10
3746 22
3747 23
3748 18
3749 16
3750 19
3751 14
3752 11
3753 15
3754 20
3755 16
3756 15
3757 8
3758 7
3759 15
3760 8
3761 18
3762 11
3763 23
3764 19
3765 17
3766 21
3767 13
3768 17
3769 13
3770 8
3771 11
3772 12
3773 17
3774 14
3775 20
3776 33
3777 13
3778 11
3779 20
3780 11
3781 10
3782 15
3783 13
3784 7
3785 14
3786 7
3787 19
3788 23
3789 10
3790 8
3791 16
3792 11
3793 14
3794 15
3795 14
3796 17
3797 21
3798 24
3799 15
3800 10
3801 19
3802 8
3803 10
3804 16
3805 21
3806 15
3807 13
3808 8
3809 18
3810 11
3811 14
3812 15
3813 19
3814 11
3815 14
3816 16
3817 14
3818 21
3819 82
3820 14
3821 6
3822 5
3823 19
3824 23
3825 15
3826 19
3827 21
3828 15
3829 12
3830 14
3831 19
3832 14
3833 12
3834 18
3835 13
3836 16
3837 25
3838 13
3839 16
3840 21
3841 14
3842 24
3843 12
3844 11
3845 24
3846 13
3847 11
3848 20
3849 28
3850 13
3851 15
3852 11
3853 15
3854 12
3855 16
3856 15
3857 17
3858 21
3859 17
3860 10
3861 23
3862 17
3863 12
3864 18
3865 15
3866 12
3867 23
3868 19
3869 6
3870 17
3871 15
3872 10
3873 25
3874 26
3875 15
3876 9
3877 14
3878 9
3879 8
3880 17
3881 19
3882 22
3883 19
3884 22
3885 15
3886 15
3887 30
3888 16
3889 23
3890 11
3891 14
3892 12
3893 14
3894 17
3895 14
3896 13
3897 14
3898 0
3899 14
3900 24
3901 21
3902 16
3903 23
3904 14
3905 20
3906 24
3907 16
3908 20
3909 18
3910 10
3911 20
3912 17
3913 20
3914 20
3915 16
3916 22
3917 10
3918 15
3919 18
3920 21
3921 30
3922 22
3923 15
3924 23
3925 24
3926 18
3927 22
3928 23
3929 25
3930 15
3931 10
3932 9
3933 19
3934 22
3935 18
3936 20
3937 16
3938 18
3939 20
3940 22
3941 20
3942 22
3943 22
3944 23
3945 22
3946 29
3947 22
3948 16
3949 15
3950 27
3951 24
3952 15
3953 17
3954 23
3955 22
3956 15
3957 31
3958 23
3959 20
3960 26
3961 16
3962 23
3963 17
3964 23
3965 33
3966 24
3967 24
3968 22
3969 19
3970 25
3971 46
3972 21
3973 24
3974 23
3975 22
3976 20
3977 28
3978 31
3979 25
3980 25
3981 23
3982 30
3983 24
3984 22
3985 20
3986 26
3987 27
3988 19
3989 30
3990 37
3991 33
3992 28
3993 35
3994 28
3995 23
3996 31
3997 30
3998 43
3999 35
4000 34
4001 31
4002 37
4003 36
4004 38
4005 36
4006 32
4007 35
4008 38
4009 44
4010 36
4011 36
4012 36
4013 37
4014 44
4015 34
4016 39
4017 37
4018 44
4019 48
4020 38
4021 47
4022 50
4023 42
4024 43
4025 50
4026 44
4027 45
4028 44
4029 54
4030 42
4031 52
4032 54
4033 50
4034 47
4035 56
4036 58
4037 48
4038 54
4039 55
4040 59
4041 62
4042 75
4043 65
4044 61
4045 65
4046 69
4047 68
4048 65
4049 70
4050 68
4051 72
4052 79
4053 95
4054 78
4055 77
4056 84
4057 82
4058 101
4059 96
4060 107
4061 112
4062 112
4063 108
4064 118
4065 135
4066 133
4067 138
4068 143
4069 147
4070 168
4071 239
4072 306
4073 505
4074 508
4075 2578
4076 2577
4077 2584
4078 2577
4079 2591
4080 2513
4081 2585
4082 2579
4083 2575
4084 2342
4085 177
4086 192
4087 196
4088 138
4089 144
4090 140
4091 101
4092 108
4093 105
4094 104
4095 106
4096 109
4097 99
4098 100
4099 91
4100 99
4101 94
4102 84
4103 82
4104 87
4105 80
4106 80
4107 81
4108 79
4109 70
4110 74
4111 73
4112 79
4113 74
4114 65
4115 71
4116 76
4117 64
4118 16
4119 68
4120 55
4121 62
4122 59
4123 53
4124 58
4125 57
4126 64
4127 45
4128 60
4129 60
4130 55
4131 51
4132 53
4133 38
4134 45
4135 55
4136 43
4137 52
4138 50
4139 39
4140 38
4141 41
4142 46
4143 50
4144 54
4145 48
4146 27
4147 38
4148 52
4149 23
4150 49
4151 41
4152 42
4153 41
4154 34
4155 44
4156 46
4157 46
4158 44
4159 33
4160 40
4161 40
4162 38
4163 35
4164 33
4165 30
4166 35
4167 43
4168 34
4169 46
4170 33
4171 40
4172 35
4173 39
4174 34
4175 29
4176 34
4177 26
4178 34
4179 35
4180 39
4181 36
4182 34
4183 31
4184 34
4185 27
4186 42
4187 38
4188 34
4189 40
4190 37
4191 29
4192 28
4193 36
4194 34
4195 35
4196 30
4197 27
4198 38
4199 45
4200 34
4201 28
4202 27
4203 32
4204 25
4205 27
4206 40
4207 40
4208 29
4209 31
4210 24
4211 29
4212 17
4213 31
4214 24
4215 25
4216 23
4217 20
4218 26
4219 24
4220 23
4221 23
4222 20
4223 19
4224 22
4225 35
4226 31
4227 29
4228 26
4229 22
4230 26
4231 31
4232 33
4233 31
4234 24
4235 25
4236 26
4237 27
4238 27
4239 32
4240 26
4241 10
4242 20
4243 13
4244 26
4245 28
4246 19
4247 20
4248 15
4249 24
4250 28
4251 28
4252 23
4253 23
4254 17
4255 28
4256 33
4257 29
4258 26
4259 21
4260 24
4261 20
4262 26
4263 33
4264 30
4265 28
4266 22
4267 15
4268 17
4269 19
4270 27
4271 26
4272 27
4273 14
4274 15
4275 14
4276 27
4277 22
4278 31
4279 26
4280 13
4281 21
4282 28
4283 18
4284 20
4285 18
4286 10
4287 18
4288 22
4289 23
4290 29
4291 25
4292 18
4293 18
4294 16
4295 25
4296 30
4297 21
4298 15
4299 17
4300 17
4301 19
4302 17
4303 17
4304 21
4305 19
4306 16
4307 15
4308 20
4309 22
4310 23
4311 11
4312 11
4313 17
4314 30
4315 17
4316 22
4317 15
4318 16
4319 25
4320 18
4321 27
4322 21
4323 21
4324 18
4325 23
4326 23
4327 18
4328 13
4329 15
4330 22
4331 22
4332 16
4333 22
4334 21
4335 24
4336 17
4337 20
4338 18
4339 19
4340 22
4341 22
4342 18
4343 15
4344 17
4345 22
4346 16
4347 20
4348 26
4349 6
4350 18
4351 19
4352 28
4353 4
4354 23
4355 24
4356 24
4357 12
4358 10
4359 22
4360 20
4361 18
4362 14
4363 22
4364 23
4365 18
4366 22
4367 17
4368 18
4369 15
4370 22
4371 18
4372 24
4373 22
4374 21
4375 14
4376 15
4377 14
4378 16
4379 24
4380 21
4381 17
4382 10
4383 14
4384 30
4385 19
4386 14
4387 12
4388 12
4389 16
4390 15
4391 15
4392 23
4393 23
4394 21
4395 9
4396 13
4397 21
4398 17
4399 30
4400 13
4401 13
4402 11
4403 10
4404 25
4405 11
4406 8
4407 17
4408 24
4409 17
4410 21
4411 24
4412 23
4413 22
4414 20
4415 13
4416 13
4417 24
4418 17
4419 19
4420 14
4421 13
4422 18
4423 26
4424 20
4425 3
4426 13
4427 24
4428 26
4429 31
4430 22
4431 21
4432 23
4433 20
4434 12
4435 9
4436 22
4437 22
4438 22
4439 19
4440 10
4441 15
4442 22
4443 15
4444 19
4445 22
4446 20
4447 18
4448 13
4449 16
4450 17
4451 15
4452 16
4453 12
4454 22
4455 15
4456 27
4457 19
4458 15
4459 13
4460 18
4461 16
4462 22
4463 20
4464 19
4465 16
4466 22
4467 14
4468 10
4469 16
4470 26
4471 20
4472 13
4473 18
4474 20
4475 16
4476 14
4477 17
4478 17
4479 22
4480 25
4481 16
4482 17
4483 20
4484 16
4485 7
4486 18
4487 23
4488 22
4489 5
4490 16
4491 9
4492 18
4493 17
4494 15
4495 18
4496 19
4497 22
4498 14
4499 15
4500 18
4501 20
4502 18
4503 17
4504 12
4505 12
4506 15
4507 12
4508 20
4509 18
4510 9
4511 11
4512 19
4513 24
4514 15
4515 19
4516 19
4517 7
4518 11
4519 24
4520 24
4521 17
4522 13
4523 13
4524 24
4525 22
4526 21
4527 0
4528 12
4529 14
4530 6
4531 14
4532 18
4533 26
4534 15
4535 15
4536 19
4537 18
4538 25
4539 18
4540 17
4541 16
4542 12
4543 11
4544 14
4545 2
4546 17
4547 24
4548 19
4549 17
4550 10
4551 26
4552 18
4553 17
4554 19
4555 9
4556 0
4557 25
4558 25
4559 21
4560 19
4561 21
4562 18
4563 15
4564 19
4565 23
4566 23
4567 28
4568 13
4569 21
4570 25
4571 15
4572 15
4573 20
4574 9
4575 11
4576 19
4577 0
4578 20
4579 19
4580 17
4581 9
4582 16
4583 22
4584 16
4585 20
4586 17
4587 27
4588 21
4589 11
4590 21
4591 24
4592 18
4593 14
4594 10
4595 22
4596 21
4597 25
4598 16
4599 17
4600 17
4601 17
4602 20
4603 25
4604 16
4605 26
4606 13
4607 23
4608 25
4609 17
4610 22
4611 22
4612 24
4613 0
4614 8
4615 21
4616 23
4617 21
4618 23
4619 11
4620 18
4621 13
4622 29
4623 21
4624 18
4625 15
4626 12
4627 21
4628 29
4629 14
4630 17
4631 25
4632 31
4633 24
4634 22
4635 25
4636 24
4637 18
4638 10
4639 13
4640 22
4641 18
4642 18
4643 23
4644 18
4645 22
4646 9
4647 18
4648 19
4649 17
4650 16
4651 10
4652 14
4653 8
4654 14
4655 15
4656 22
4657 14
4658 12
4659 18
4660 23
4661 16
4662 11
4663 9
4664 7
4665 0
4666 20
4667 13
4668 19
4669 14
4670 7
4671 20
4672 21
4673 16
4674 21
4675 15
4676 15
4677 10
4678 18
4679 20
4680 15
4681 23
4682 9
4683 11
4684 14
4685 21
4686 17
4687 25
4688 19
4689 13
4690 7
4691 14
4692 25
4693 12
4694 18
4695 6
4696 10
4697 16
4698 25
4699 10
4700 19
4701 15
4702 9
4703 22
4704 12
4705 14
4706 19
4707 0
4708 19
4709 9
4710 9
4711 18
4712 15
4713 20
4714 18
4715 10
4716 10
4717 19
4718 20
4719 9
4720 15
4721 2
4722 13
4723 21
4724 20
4725 22
4726 18
4727 14
4728 16
4729 13
4730 15
4731 13
4732 29
4733 24
4734 16
4735 12
4736 18
4737 20
4738 20
4739 15
4740 19
4741 7
4742 9
4743 25
4744 18
4745 22
4746 3
4747 8
4748 13
4749 24
4750 11
4751 19
4752 14
4753 9
4754 14
4755 17
4756 24
4757 15
4758 22
4759 21
4760 11
4761 17
4762 5
4763 9
4764 15
4765 17
4766 7
4767 13
4768 20
4769 13
4770 22
4771 15
4772 12
4773 13
4774 13
4775 19
4776 24
4777 17
4778 15
4779 8
4780 20
4781 23
4782 21
4783 9
4784 20
4785 20
4786 16
4787 5
4788 11
4789 17
4790 22
4791 16
4792 11
4793 10
4794 18
4795 17
4796 6
4797 8
4798 13
4799 21
4800 17
4801 10
4802 15
4803 17
4804 15
4805 9
4806 14
4807 19
4808 29
4809 18
4810 17
4811 9
4812 17
4813 10
4814 11
4815 21
4816 19
4817 22
4818 17
4819 9
4820 18
4821 13
4822 15
4823 18
4824 17
4825 18
4826 18
4827 18
4828 19
4829 21
4830 9
4831 22
4832 19
4833 9
4834 15
4835 17
4836 16
4837 15
4838 14
4839 4
4840 15
4841 16
4842 19
4843 9
4844 6
4845 9
4846 17
4847 13
4848 14
4849 12
4850 6
4851 17
4852 22
4853 30
4854 26
4855 18
4856 14
4857 22
4858 25
4859 11
4860 16
4861 12
4862 13
4863 17
4864 18
4865 19
4866 18
4867 0
4868 17
4869 18
4870 16
4871 20
4872 15
4873 15
4874 13
4875 13
4876 15
4877 15
4878 15
4879 13
4880 0
4881 9
4882 9
4883 13
4884 20
4885 17
4886 23
4887 18
4888 4
4889 8
4890 18
4891 30
4892 12
4893 15
4894 2
4895 15
4896 23
4897 21
4898 24
4899 13
4900 13
4901 0
4902 1
4903 16
4904 12
4905 11
4906 10
4907 11
4908 13
4909 20
4910 15
4911 9
4912 13
4913 13
4914 18
4915 10
4916 24
4917 20
4918 18
4919 17
4920 7
4921 14
4922 22
4923 18
4924 21
4925 23
4926 5
4927 10
4928 17
4929 19
4930 20
4931 9
4932 15
4933 17
4934 24
4935 23
4936 14
4937 9
4938 18
4939 8
4940 17
4941 19
4942 28
4943 15
4944 19
4945 17
4946 9
4947 11
4948 15
4949 19
4950 23
4951 14
4952 11
4953 21
4954 24
4955 22
4956 20
4957 22
4958 18
4959 9
4960 15
4961 11
4962 13
4963 17
4964 15
4965 12
4966 15
4967 23
4968 15
4969 22
4970 22
4971 12
4972 6
4973 12
4974 23
4975 0
4976 15
4977 20
4978 14
4979 10
4980 23
4981 23
4982 20
4983 23
4984 4
4985 0
4986 22
4987 21
4988 23
4989 14
4990 17
4991 6
4992 11
4993 17
4994 18
4995 12
4996 19
4997 19
4998 14
4999 20
5000 12
5001 18
5002 25
5003 21
5004 17
5005 18
5006 21
5007 10
5008 20
5009 25
5010 9
5011 17
5012 15
5013 28
5014 15
5015 18
5016 9
5017 10
5018 16
5019 19
5020 16
5021 20
5022 14
5023 13
5024 23
5025 15
5026 19
5027 15
5028 20
5029 15
5030 26
5031 38
5032 26
5033 23
5034 19
5035 14
5036 20
5037 23
5038 28
5039 21
5040 15
5041 19
5042 12
5043 5
5044 17
5045 23
5046 10
5047 14
5048 14
5049 18
5050 17
5051 25
5052 18
5053 17
5054 9
5055 14
5056 15
5057 16
5058 19
5059 16
5060 16
5061 9
5062 9
5063 20
5064 24
5065 26
5066 20
5067 6
5068 8
5069 20
5070 25
5071 16
5072 11
5073 23
5074 10
5075 10
5076 25
5077 11
5078 15
5079 18
5080 12
5081 8
5082 18
5083 21
5084 15
5085 12
5086 15
5087 22
5088 14
5089 18
5090 18
5091 15
5092 19
5093 14
5094 12
5095 18
5096 20
5097 20
5098 20
5099 9
5100 20
5101 17
5102 17
5103 14
5104 22
5105 17
5106 9
5107 17
5108 26
5109 11
5110 16
5111 11
5112 14
5113 9
5114 13
5115 30
5116 17
5117 21
5118 13
5119 13
5120 17
5121 20
5122 16
5123 17
5124 15
5125 18
5126 22
5127 20
5128 19
5129 21
5130 18
5131 13
5132 22
5133 21
5134 16
5135 18
5136 15
5137 16
5138 16
5139 20
5140 22
5141 18
5142 20
5143 19
5144 14
5145 26
5146 20
5147 15
5148 25
5149 16
5150 12
5151 25
5152 26
5153 24
5154 15
5155 13
5156 0
5157 8
5158 6
5159 16
5160 17
5161 19
5162 14
5163 7
5164 14
5165 9
5166 27
5167 19
5168 14
5169 18
5170 17
5171 15
5172 18
5173 14
5174 14
5175 22
5176 24
5177 25
5178 15
5179 21
5180 14
5181 18
5182 20
5183 15
5184 22
5185 33
5186 17
5187 17
5188 16
5189 18
5190 15
5191 18
5192 19
5193 13
5194 10
5195 5
5196 15
5197 23
5198 27
5199 16
5200 22
5201 17
5202 18
5203 20
5204 19
5205 20
5206 19
5207 14
5208 22
5209 19
5210 22
5211 27
5212 17
5213 18
5214 22
5215 10
5216 15
5217 20
5218 13
5219 13
5220 15
5221 18
5222 0
5223 17
5224 22
5225 16
5226 17
5227 14
5228 1
5229 22
5230 17
5231 17
5232 18
5233 19
5234 15
5235 17
5236 18
5237 15
5238 19
5239 26
5240 16
5241 20
5242 21
5243 20
5244 21
5245 21
5246 5
5247 10
5248 19
5249 15
5250 20
5251 18
5252 17
5253 12
5254 9
5255 12
5256 22
5257 15
5258 9
5259 10
5260 13
5261 17
5262 14
5263 4
5264 18
5265 14
5266 14
5267 18
5268 19
5269 16
5270 11
5271 26
5272 16
5273 13
5274 0
5275 13
5276 15
5277 18
5278 12
5279 13
5280 14
5281 22
5282 15
5283 17
5284 12
5285 18
5286 15
5287 24
5288 14
5289 0
5290 18
5291 11
5292 22
5293 26
5294 24
5295 23
5296 18
5297 17
5298 17
5299 14
5300 23
5301 20
5302 21
5303 24
5304 15
5305 22
5306 13
5307 21
5308 22
5309 23
5310 19
5311 17
5312 15
5313 13
5314 26
5315 25
5316 12
5317 17
5318 17
5319 26
5320 23
5321 23
5322 11
5323 17
5324 16
5325 23
5326 17
5327 22
5328 20
5329 17
5330 22
5331 10
5332 18
5333 21
5334 17
5335 17
5336 11
5337 8
5338 12
5339 14
5340 17
5341 20
5342 14
5343 15
5344 25
5345 15
5346 19
5347 16
5348 16
5349 14
5350 22
5351 23
5352 26
5353 12
5354 16
5355 11
5356 15
5357 28
5358 25
5359 17
5360 18
5361 24
5362 20
5363 12
5364 18
5365 14
5366 16
5367 20
5368 14
5369 14
5370 16
5371 24
5372 19
5373 7
5374 4
5375 16
5376 24
5377 20
5378 6
5379 14
5380 17
5381 11
5382 18
5383 24
5384 22
5385 11
5386 13
5387 16
5388 17
5389 20
5390 27
5391 24
5392 22
5393 23
5394 20
5395 15
5396 16
5397 16
5398 21
5399 19
5400 15
5401 18
5402 20
5403 30
5404 16
5405 30
5406 9
5407 24
5408 21
5409 21
5410 23
5411 26
5412 28
5413 0
5414 12
5415 25
5416 0
5417 23
5418 17
5419 15
5420 22
5421 16
5422 25
5423 15
5424 18
5425 25
5426 17
5427 20
5428 25
5429 18
5430 18
5431 18
5432 18
5433 24
5434 13
5435 21
5436 18
5437 17
5438 13
5439 13
5440 25
5441 30
5442 27
5443 19
5444 33
5445 24
5446 22
5447 17
5448 22
5449 33
5450 25
5451 20
5452 36
5453 32
5454 34
5455 34
5456 28
5457 16
5458 18
5459 22
5460 28
5461 17
5462 1
5463 18
5464 17
5465 21
5466 23
5467 29
5468 31
5469 28
5470 22
5471 17
5472 28
5473 12
5474 31
5475 31
5476 32
5477 34
5478 0
5479 34
5480 28
5481 32
5482 21
5483 21
5484 23
5485 15
5486 20
5487 24
5488 32
5489 12
5490 8
5491 18
5492 24
5493 19
5494 22
5495 22
5496 30
5497 21
5498 28
5499 24
5500 20
5501 22
5502 23
5503 16
5504 14
5505 18
5506 28
5507 13
5508 27
5509 20
5510 24
5511 22
5512 26
5513 22
5514 22
5515 17
5516 21
5517 27
5518 31
5519 33
5520 32
5521 34
5522 34
5523 33
5524 40
5525 46
5526 39
5527 39
5528 27
5529 33
5530 29
5531 32
5532 31
5533 38
5534 30
5535 35
5536 20
5537 34
5538 31
5539 38
5540 37
5541 22
5542 27
5543 36
5544 31
5545 24
5546 14
5547 14
5548 18
5549 30
5550 14
5551 34
5552 25
5553 16
5554 18
5555 23
5556 32
5557 22
5558 25
5559 24
5560 14
5561 21
5562 26
5563 34
5564 29
5565 34
5566 33
5567 27
5568 41
5569 36
5570 40
5571 36
5572 40
5573 32
5574 27
5575 30
5576 38
5577 29
5578 25
5579 17
5580 30
5581 33
5582 19
5583 36
5584 33
5585 32
5586 22
5587 28
5588 25
5589 24
5590 23
5591 26
5592 0
5593 18
5594 34
5595 31
5596 26
5597 37
5598 33
5599 23
5600 30
5601 35
5602 31
5603 34
5604 36
5605 28
5606 34
5607 40
5608 32
5609 25
5610 36
5611 25
5612 27
5613 30
5614 41
5615 24
5616 19
5617 1
5618 40
5619 34
5620 34
5621 26
5622 28
5623 27
5624 25
5625 42
5626 42
5627 35
5628 35
5629 43
5630 44
5631 34
5632 39
5633 38
5634 34
5635 35
5636 28
5637 22
5638 28
5639 22
5640 27
5641 33
5642 34
5643 33
5644 28
5645 32
5646 27
5647 28
5648 46
5649 48
5650 42
5651 32
5652 36
5653 34
5654 33
5655 32
5656 18
5657 22
5658 52
5659 50
5660 72
5661 73
5662 69
5663 76
5664 70
5665 52
5666 48
5667 49
5668 34
5669 22
5670 35
5671 52
5672 38
5673 42
5674 35
5675 33
5676 31
5677 33
5678 34
5679 41
5680 32
5681 32
5682 30
5683 29
5684 20
5685 26
5686 25
5687 26
5688 23
5689 25
5690 33
5691 36
5692 30
5693 34
5694 33
5695 42
5696 38
5697 32
5698 33
5699 23
5700 42
5701 41
5702 51
5703 51
5704 42
5705 32
5706 37
5707 26
5708 7
5709 30
5710 24
5711 0
5712 30
5713 22
5714 15
5715 20
5716 27
5717 13
5718 28
5719 18
5720 21
5721 33
5722 33
5723 38
5724 35
5725 35
5726 33
5727 26
5728 41
5729 30
5730 23
5731 21
5732 15
5733 14
5734 37
5735 38
5736 22
5737 27
5738 30
5739 18
5740 30
5741 32
5742 34
5743 42
5744 12
5745 36
5746 30
5747 25
5748 37
5749 33
5750 27
5751 33
5752 17
5753 32
5754 30
5755 34
5756 41
5757 42
5758 37
5759 42
5760 46
5761 37
5762 35
5763 36
5764 22
5765 20
5766 23
5767 25
5768 35
5769 21
5770 30
5771 29
5772 26
5773 35
5774 32
5775 32
5776 27
5777 30
5778 38
5779 35
5780 49
5781 57
5782 54
5783 50
5784 39
5785 50
5786 50
5787 53
5788 55
5789 51
5790 47
5791 49
5792 41
5793 44
5794 37
5795 27
5796 27
5797 25
5798 22
5799 29
5800 34
5801 39
5802 26
5803 30
5804 32
5805 21
5806 18
5807 26
5808 23
5809 29
5810 19
5811 35
5812 31
5813 31
5814 35
5815 22
5816 23
5817 26
5818 28
5819 25
5820 24
5821 25
5822 19
5823 22
5824 17
5825 35
5826 30
5827 20
5828 26
5829 18
5830 22
5831 33
5832 32
5833 36
5834 37
5835 39
5836 30
5837 41
5838 36
5839 33
5840 37
5841 25
5842 18
5843 41
5844 38
5845 33
5846 31
5847 25
5848 19
5849 22
5850 33
5851 35
5852 37
5853 26
5854 16
5855 26
5856 34
5857 39
5858 32
5859 43
5860 44
5861 45
5862 45
5863 49
5864 33
5865 40
5866 24
5867 23
5868 30
5869 41
5870 33
5871 39
5872 62
5873 46
5874 46
5875 45
5876 34
5877 34
5878 32
5879 39
5880 27
5881 31
5882 27
5883 24
5884 31
5885 36
5886 29
5887 37
5888 41
5889 38
5890 36
5891 32
5892 34
5893 34
5894 25
5895 28
5896 30
5897 9
5898 21
5899 18
5900 21
5901 29
5902 29
5903 26
5904 36
5905 30
5906 34
5907 50
5908 28
5909 44
5910 34
5911 32
5912 26
5913 24
5914 29
5915 29
5916 30
5917 35
5918 0
5919 21
5920 33
5921 41
5922 39
5923 50
5924 34
5925 41
5926 33
5927 45
5928 47
5929 36
5930 31
5931 24
5932 29
5933 47
5934 47
5935 58
5936 57
5937 54
5938 37
5939 46
5940 41
5941 29
5942 28
5943 31
5944 31
5945 25
5946 54
5947 46
5948 51
5949 57
5950 45
5951 30
5952 30
5953 27
5954 23
5955 27
5956 34
5957 29
5958 27
5959 42
5960 38
5961 33
5962 35
5963 27
5964 18
5965 34
5966 33
5967 30
5968 22
5969 30
5970 30
5971 26
5972 32
5973 36
5974 19
5975 26
5976 28
5977 30
5978 22
5979 24
5980 29
5981 29
5982 37
5983 35
5984 34
5985 37
5986 37
5987 27
5988 30
5989 31
5990 22
5991 26
5992 27
5993 22
5994 23
5995 21
5996 26
5997 32
5998 32
5999 29
6000 25
6001 24
6002 17
6003 19
6004 35
6005 30
6006 30
6007 34
6008 29
6009 36
6010 30
6011 29
6012 33
6013 30
6014 24
6015 28
6016 32
6017 26
6018 30
6019 26
6020 20
6021 26
6022 29
6023 32
6024 34
6025 32
6026 35
6027 28
6028 36
6029 40
6030 48
6031 46
6032 42
6033 46
6034 24
6035 25
6036 26
6037 24
6038 20
6039 19
6040 19
6041 23
6042 16
6043 24
6044 22
6045 16
6046 5
6047 26
6048 28
6049 16
6050 11
6051 22
6052 15
6053 20
6054 16
6055 13
6056 21
6057 19
6058 19
6059 22
6060 20
6061 23
6062 24
6063 10
6064 17
6065 13
6066 11
6067 22
6068 14
6069 18
6070 14
6071 11
6072 7
6073 17
6074 20
6075 19
6076 13
6077 19
6078 16
6079 22
6080 19
6081 23
6082 15
6083 18
6084 13
6085 14
6086 19
6087 28
6088 16
6089 14
6090 15
6091 8
6092 10
6093 17
6094 23
6095 9
6096 15
6097 11
6098 15
6099 22
6100 20
6101 18
6102 16
6103 19
6104 5
6105 16
6106 19
6107 12
6108 15
6109 15
6110 8
6111 5
6112 14
6113 13
6114 18
6115 15
6116 18
6117 15
6118 14
6119 5
6120 15
6121 12
6122 11
6123 8
6124 17
6125 27
6126 23
6127 18
6128 17
6129 8
6130 13
6131 15
6132 19
6133 27
6134 14
6135 10
6136 28
6137 24
6138 19
6139 15
6140 13
6141 12
6142 15
6143 13
6144 4
6145 10
6146 15
6147 12
6148 5
6149 8
6150 12
6151 27
6152 17
6153 15
6154 16
6155 10
6156 12
6157 15
6158 22
6159 18
6160 16
6161 11
6162 12
6163 11
6164 7
6165 28
6166 22
6167 19
6168 0
6169 21
6170 16
6171 22
6172 19
6173 22
6174 14
6175 22
6176 19
6177 16
6178 12
6179 15
6180 13
6181 25
6182 22
6183 15
6184 20
6185 17
6186 10
6187 12
6188 12
6189 20
6190 16
6191 19
6192 11
6193 12
6194 12
6195 0
6196 0
6197 23
6198 22
6199 10
6200 9
6201 17
6202 17
6203 18
6204 18
6205 11
6206 7
6207 18
6208 22
6209 16
6210 12
6211 12
6212 24
6213 13
6214 17
6215 26
6216 19
6217 20
6218 18
6219 19
6220 14
6221 16
6222 20
6223 23
6224 21
6225 19
6226 12
6227 19
6228 22
6229 22
6230 19
6231 13
6232 25
6233 86
6234 118
6235 155
6236 173
6237 183
6238 152
6239 171
6240 158
6241 126
6242 116
6243 127
6244 119
6245 131
6246 137
6247 133
6248 123
6249 103
6250 77
6251 83
6252 56
6253 57
6254 38
6255 21
6256 17
6257 12
6258 16
6259 19
6260 22
6261 19
6262 13
6263 12
6264 36
6265 26
6266 23
6267 19
6268 3
6269 11
6270 12
6271 27
6272 24
6273 19
6274 18
6275 18
6276 20
6277 19
6278 21
6279 26
6280 24
6281 25
6282 23
6283 14
6284 11
6285 26
6286 19
6287 19
6288 24
6289 15
6290 8
6291 25
6292 24
6293 3
6294 17
6295 15
6296 20
6297 30
6298 20
6299 17
6300 20
6301 14
6302 14
6303 1
6304 23
6305 5
6306 8
6307 14
6308 11
6309 19
6310 23
6311 26
6312 21
6313 26
6314 27
6315 20
6316 8
6317 16
6318 16
6319 17
6320 21
6321 8
6322 24
6323 28
6324 13
6325 24
6326 19
6327 10
6328 12
6329 11
6330 27
6331 15
6332 18
6333 22
6334 21
6335 19
6336 15
6337 7
6338 23
6339 28
6340 23
6341 14
6342 27
6343 27
6344 16
6345 17
6346 13
6347 18
6348 15
6349 21
6350 22
6351 18
6352 21
6353 12
6354 17
6355 19
6356 25
6357 21
6358 7
6359 6
6360 19
6361 26
6362 21
6363 18
6364 25
6365 16
6366 4
6367 17
6368 24
6369 15
6370 19
6371 14
6372 12
6373 21
6374 15
6375 21
6376 23
6377 16
6378 18
6379 12
6380 4
6381 20
6382 19
6383 16
6384 18
6385 1
6386 20
6387 17
6388 29
6389 22
6390 15
6391 9
6392 21
6393 27
6394 21
6395 23
6396 18
6397 21
6398 13
6399 11
6400 12
6401 14
6402 19
6403 23
6404 12
6405 16
6406 26
6407 23
6408 18
6409 19
6410 22
6411 20
6412 19
6413 30
6414 18
6415 19
6416 19
6417 16
6418 17
6419 27
6420 26
6421 21
6422 19
6423 19
6424 15
6425 10
6426 15
6427 23
6428 19
6429 16
6430 17
6431 18
6432 28
6433 20
6434 20
6435 21
6436 18
6437 20
6438 24
6439 17
6440 20
6441 31
6442 19
6443 12
6444 4
6445 36
6446 30
6447 18
6448 24
6449 15
6450 18
6451 16
6452 27
6453 18
6454 24
6455 19
6456 14
6457 10
6458 19
6459 27
6460 24
6461 27
6462 22
6463 15
6464 15
6465 28
6466 16
6467 20
6468 20
6469 29
6470 21
6471 24
6472 19
6473 27
6474 20
6475 18
6476 20
6477 21
6478 37
6479 40
6480 25
6481 27
6482 22
6483 31
6484 20
6485 17
6486 25
6487 27
6488 27
6489 21
6490 25
6491 25
6492 22
6493 20
6494 20
6495 23
6496 25
6497 24
6498 19
6499 15
6500 12
6501 20
6502 25
6503 25
6504 20
6505 25
6506 25
6507 32
6508 23
6509 28
6510 18
6511 22
6512 28
6513 15
6514 11
6515 17
6516 33
6517 28
6518 29
6519 6
6520 25
6521 31
6522 20
6523 12
6524 20
6525 19
6526 10
6527 19
6528 23
6529 30
6530 17
6531 16
6532 14
6533 12
6534 27
6535 21
6536 25
6537 30
6538 14
6539 24
6540 20
6541 33
6542 33
6543 23
6544 26
6545 20
6546 15
6547 15
6548 22
6549 21
6550 22
6551 22
6552 18
6553 22
6554 20
6555 20
6556 24
6557 18
6558 11
6559 18
6560 23
6561 24
6562 26
6563 27
6564 20
6565 15
6566 40
6567 32
6568 26
6569 25
6570 34
6571 32
6572 21
6573 35
6574 29
6575 27
6576 17
6577 20
6578 24
6579 32
6580 20
6581 25
6582 21
6583 15
6584 19
6585 25
6586 29
6587 31
6588 32
6589 30
6590 15
6591 27
6592 27
6593 24
6594 47
6595 32
6596 32
6597 21
6598 16
6599 26
6600 28
6601 28
6602 19
6603 24
6604 23
6605 33
6606 26
6607 28
6608 24
6609 32
6610 27
6611 29
6612 14
6613 23
6614 24
6615 26
6616 15
6617 34
6618 32
6619 28
6620 27
6621 26
6622 15
6623 26
6624 31
6625 24
6626 28
6627 16
6628 19
6629 32
6630 40
6631 36
6632 26
6633 28
6634 28
6635 27
6636 32
6637 31
6638 30
6639 26
6640 25
6641 26
6642 34
6643 34
6644 32
6645 27
6646 28
6647 20
6648 27
6649 36
6650 32
6651 33
6652 33
6653 30
6654 24
6655 22
6656 37
6657 36
6658 28
6659 26
6660 36
6661 19
6662 21
6663 31
6664 36
6665 31
6666 32
6667 28
6668 28
6669 31
6670 30
6671 30
6672 31
6673 28
6674 36
6675 28
6676 36
6677 31
6678 30
6679 29
6680 26
6681 36
6682 36
6683 37
6684 35
6685 33
6686 42
6687 26
6688 24
6689 35
6690 38
6691 41
6692 31
6693 27
6694 46
6695 36
6696 38
6697 43
6698 38
6699 27
6700 31
6701 50
6702 44
6703 37
6704 33
6705 35
6706 41
6707 44
6708 31
6709 38
6710 36
6711 32
6712 43
6713 44
6714 47
6715 34
6716 35
6717 47
6718 38
6719 39
6720 44
6721 35
6722 39
6723 52
6724 60
6725 46
6726 62
6727 59
6728 51
6729 54
6730 43
6731 45
6732 44
6733 53
6734 48
6735 45
6736 46
6737 54
6738 76
6739 80
6740 91
6741 92
6742 96
6743 104
6744 92
6745 83
6746 82
6747 78
6748 76
6749 82
6750 66
6751 84
6752 92
6753 87
6754 80
6755 81
6756 64
6757 75
6758 78
6759 62
6760 70
6761 58
6762 59
6763 53
6764 52
6765 70
6766 65
6767 64
6768 69
6769 63
6770 59
6771 54
6772 65
6773 71
6774 71
6775 69
6776 65
6777 81
6778 77
6779 76
6780 71
6781 59
6782 72
6783 60
6784 73
6785 71
6786 70
6787 65
6788 65
6789 74
6790 82
6791 73
6792 70
6793 77
6794 79
6795 74
6796 78
6797 73
6798 95
6799 83
6800 82
6801 80
6802 88
6803 88
6804 87
6805 86
6806 94
6807 92
6808 100
6809 95
6810 86
6811 96
6812 98
6813 100
6814 90
6815 99
6816 96
6817 105
6818 94
6819 106
6820 83
6821 103
6822 101
6823 109
6824 100
6825 92
6826 119
6827 107
6828 122
6829 126
6830 128
6831 118
6832 125
6833 123
6834 119
6835 115
6836 119
6837 111
6838 128
6839 118
6840 123
6841 131
6842 134
6843 138
6844 126
6845 131
6846 124
6847 127
6848 134
6849 191
6850 143
6851 157
6852 136
6853 139
6854 139
6855 132
6856 156
6857 171
6858 165
6859 155
6860 167
6861 167
6862 182
6863 173
6864 175
6865 172
6866 177
6867 196
6868 187
6869 175
6870 186
6871 176
6872 184
6873 196
6874 210
6875 219
6876 208
6877 209
6878 220
6879 219
6880 244
6881 244
6882 256
6883 258
6884 243
6885 265
6886 267
6887 275
6888 265
6889 268
6890 265
6891 267
6892 263
6893 299
6894 296
6895 324
6896 343
6897 340
6898 340
6899 359
6900 346
6901 354
6902 342
6903 344
6904 388
6905 429
6906 449
6907 464
6908 480
6909 463
6910 461
6911 481
6912 509
6913 499
6914 559
6915 670
6916 655
6917 773
6918 773
6919 934
6920 1295
6921 2100
6922 2537
6923 880
6924 0
6925 0
6926 0
6927 0
6928 0
6929 0
6930 0
6931 0
6932 0
6933 0
6934 0
6935 0
6936 0
6937 0
6938 0
6939 0
6940 0
6941 263
6942 275
6943 865
6944 2255
6945 2536
6946 2536
6947 2535
6948 2529
6949 911
6950 835
6951 786
6952 714
6953 652
6954 602
6955 559
6956 537
6957 537
6958 536
6959 489
6960 479
6961 442
6962 429
6963 420
6964 416
6965 414
6966 408
6967 405
6968 380
6969 375
6970 370
6971 363
6972 351
6973 354
6974 332
6975 344
6976 333
6977 318
6978 280
6979 278
6980 287
6981 279
6982 273
6983 262
6984 250
6985 264
6986 254
6987 243
6988 225
6989 252
6990 268
6991 253
6992 250
6993 215
6994 228
6995 209
6996 222
6997 212
6998 215
6999 206
7000 188
7001 181
7002 188
7003 188
7004 176
7005 175
7006 176
7007 165
7008 174
7009 155
7010 164
7011 184
7012 172
7013 156
7014 168
7015 177
7016 172
7017 166
7018 143
7019 142
7020 148
7021 138
7022 140
7023 142
7024 144
7025 142
7026 128
7027 135
7028 129
7029 148
7030 147
7031 115
7032 132
7033 130
7034 126
7035 118
7036 112
7037 116
7038 116
7039 117
7040 123
7041 115
7042 113
7043 114
7044 99
7045 116
7046 104
7047 117
7048 104
7049 101
7050 109
7051 107
7052 90
7053 94
7054 111
7055 95
7056 100
7057 103
7058 99
7059 83
7060 111
7061 98
7062 98
7063 76
7064 92
7065 93
7066 100
7067 93
7068 89
7069 80
7070 78
7071 79
7072 81
7073 76
7074 75
7075 78
7076 74
7077 79
7078 85
7079 80
7080 84
7081 67
7082 50
7083 44
7084 59
7085 73
7086 71
7087 62
7088 60
7089 76
7090 70
7091 72
7092 70
7093 74
7094 67
7095 50
7096 79
7097 68
7098 67
7099 73
7100 76
7101 68
7102 67
7103 53
7104 66
7105 70
7106 70
7107 67
7108 68
7109 62
7110 61
7111 69
7112 58
7113 70
7114 61
7115 60
7116 67
7117 60
7118 60
7119 59
7120 54
7121 52
7122 51
7123 63
7124 61
7125 57
7126 58
7127 48
7128 50
7129 47
7130 55
7131 54
7132 49
7133 51
7134 51
7135 51
7136 51
7137 56
7138 51
7139 50
7140 50
7141 53
7142 49
7143 50
7144 52
7145 57
7146 44
7147 45
7148 43
7149 46
7150 52
7151 49
7152 45
7153 44
7154 58
7155 56
7156 44
7157 53
7158 43
7159 44
7160 57
7161 65
7162 47
7163 58
7164 55
7165 47
7166 34
7167 40
7168 43
7169 43
7170 38
7171 108
7172 44
7173 36
7174 46
7175 50
7176 37
7177 46
7178 37
7179 42
7180 39
7181 35
7182 40
7183 27
7184 39
7185 36
7186 40
7187 50
7188 49
7189 25
7190 39
7191 28
7192 30
7193 44
7194 34
7195 37
7196 42
7197 39
7198 36
7199 36
7200 38
7201 48
7202 38
7203 37
7204 37
7205 38
7206 47
7207 43
7208 27
7209 44
7210 22
7211 35
7212 36
7213 40
7214 43
7215 43
7216 37
7217 41
7218 40
7219 44
7220 40
7221 46
7222 38
7223 42
7224 36
7225 33
7226 35
7227 45
7228 43
7229 40
7230 43
7231 46
7232 43
7233 44
7234 42
7235 40
7236 40
7237 38
7238 34
7239 36
7240 47
7241 34
7242 32
7243 42
7244 39
7245 42
7246 39
7247 38
7248 38
7249 25
7250 35
7251 27
7252 35
7253 25
7254 28
7255 24
7256 32
7257 32
7258 40
7259 35
7260 27
7261 28
7262 23
7263 17
7264 25
7265 30
7266 30
7267 29
7268 20
7269 27
7270 28
7271 32
7272 28
7273 24
7274 28
7275 24
7276 27
7277 19
7278 27
7279 33
7280 34
7281 28
7282 28
7283 27
7284 29
7285 33
7286 34
7287 25
7288 25
7289 33
7290 17
7291 29
7292 30
7293 23
7294 26
7295 27
7296 30
7297 21
7298 28
7299 25
7300 22
7301 20
7302 35
7303 28
7304 30
7305 28
7306 23
7307 26
7308 20
7309 33
7310 28
7311 27
7312 27
7313 15
7314 28
7315 28
7316 29
7317 27
7318 26
7319 29
7320 28
7321 22
7322 24
7323 32
7324 22
7325 18
7326 20
7327 29
7328 26
7329 30
7330 24
7331 28
7332 26
7333 28
7334 22
7335 29
7336 26
7337 30
7338 20
7339 21
7340 26
7341 26
7342 37
7343 36
7344 26
7345 17
7346 26
7347 0
7348 16
7349 19
7350 31
7351 29
7352 27
7353 25
7354 25
7355 28
7356 21
7357 24
7358 23
7359 25
7360 27
7361 26
7362 19
7363 13
7364 17
7365 20
7366 30
7367 22
7368 16
7369 19
7370 29
7371 20
7372 21
7373 20
7374 30
7375 16
7376 20
7377 24
7378 14
7379 27
7380 30
7381 26
7382 25
7383 8
7384 21
7385 26
7386 24
7387 23
7388 19
7389 28
7390 12
7391 29
7392 30
7393 24
7394 21
7395 23
7396 18
7397 19
7398 20
7399 30
7400 26
7401 15
7402 26
7403 24
7404 26
7405 22
7406 24
7407 24
7408 24
7409 22
7410 28
7411 20
7412 28
7413 24
7414 23
7415 13
7416 14
7417 24
7418 28
7419 24
7420 21
7421 22
7422 14
7423 22
7424 24
7425 22
7426 4
7427 20
7428 7
7429 14
7430 32
7431 24
7432 11
7433 13
7434 23
7435 20
7436 9
7437 14
7438 20
7439 26
7440 20
7441 20
7442 21
7443 30
7444 24
7445 25
7446 22
7447 12
7448 19
7449 29
7450 32
7451 18
7452 79
7453 25
7454 13
7455 11
7456 8
7457 16
7458 24
7459 26
7460 20
7461 19
7462 21
7463 21
7464 25
7465 24
7466 16
7467 24
7468 19
7469 24
7470 25
7471 16
7472 15
7473 9
7474 11
7475 23
7476 23
7477 26
7478 22
7479 12
7480 12
7481 23
7482 28
7483 17
7484 23
7485 19
7486 16
7487 14
7488 30
7489 14
7490 27
7491 16
7492 16
7493 77
7494 11
7495 17
7496 10
7497 26
7498 15
7499 8
7500 25
7501 26
7502 27
7503 15
7504 20
7505 17
7506 25
7507 32
7508 24
7509 24
7510 22
7511 22
7512 9
7513 19
7514 29
7515 15
7516 19
7517 26
7518 24
7519 13
7520 12
7521 17
7522 23
7523 19
7524 19
7525 18
7526 26
7527 23
7528 28
7529 20
7530 18
7531 12
7532 18
7533 24
7534 18
7535 20
7536 22
7537 20
7538 8
7539 22
7540 21
7541 27
7542 21
7543 14
7544 20
7545 18
7546 22
7547 18
7548 20
7549 22
7550 14
7551 18
7552 17
7553 22
7554 19
7555 15
7556 18
7557 17
7558 22
7559 18
7560 22
7561 25
7562 22
7563 13
7564 17
7565 24
7566 16
7567 21
7568 19
7569 16
7570 21
7571 28
7572 30
7573 21
7574 24
7575 12
7576 25
7577 26
7578 24
7579 23
7580 21
7581 20
7582 16
7583 13
7584 22
7585 19
7586 22
7587 11
7588 17
7589 22
7590 28
7591 22
7592 22
7593 22
7594 24
7595 13
7596 27
7597 25
7598 17
7599 15
7600 24
7601 17
7602 0
7603 20
7604 25
7605 29
7606 22
7607 19
7608 9
7609 15
7610 23
7611 25
7612 13
7613 21
7614 16
7615 18
7616 26
7617 23
7618 21
7619 28
7620 20
7621 22
7622 19
7623 25
7624 18
7625 13
7626 21
7627 3
7628 0
7629 25
7630 23
7631 15
7632 17
7633 11
7634 30
7635 26
7636 23
7637 20
7638 24
7639 25
7640 22
7641 20
7642 19
7643 15
7644 16
7645 24
7646 16
7647 23
7648 20
7649 15
7650 12
7651 21
7652 23
7653 18
7654 21
7655 21
7656 15
7657 16
7658 26
7659 7
7660 14
7661 25
7662 27
7663 13
7664 20
7665 5
7666 20
7667 19
7668 20
7669 27
7670 26
7671 13
7672 13
7673 12
7674 21
7675 20
7676 23
7677 24
7678 28
7679 35
7680 43
7681 40
7682 51
7683 50
7684 36
7685 36
7686 38
7687 46
7688 34
7689 34
7690 35
7691 27
7692 33
7693 25
7694 27
7695 32
7696 32
7697 28
7698 20
7699 17
7700 20
7701 23
7702 23
7703 20
7704 24
7705 28
7706 16
7707 19
7708 23
7709 13
7710 14
7711 18
7712 33
7713 18
7714 5
7715 23
7716 7
7717 20
7718 26
7719 27
7720 20
7721 0
7722 16
7723 13
7724 13
7725 20
7726 27
7727 18
7728 20
7729 12
7730 12
7731 25
7732 22
7733 27
7734 18
7735 18
7736 20
7737 30
7738 18
7739 28
7740 19
7741 16
7742 18
7743 22
7744 36
7745 17
7746 20
7747 19
7748 13
7749 18
7750 25
7751 31
7752 22
7753 23
7754 23
7755 12
7756 14
7757 28
7758 27
7759 16
7760 23
7761 16
7762 11
7763 28
7764 24
7765 21
7766 16
7767 24
7768 28
7769 26
7770 24
7771 21
7772 21
7773 19
7774 15
7775 14
7776 21
7777 17
7778 19
7779 20
7780 13
7781 83
7782 11
7783 17
7784 22
7785 26
7786 24
7787 20
7788 12
7789 20
7790 30
7791 20
7792 24
7793 11
7794 13
7795 31
7796 23
7797 16
7798 18
7799 21
7800 19
7801 35
7802 26
7803 25
7804 18
7805 24
7806 15
7807 17
7808 28
7809 29
7810 23
7811 20
7812 21
7813 17
7814 17
7815 24
7816 22
7817 22
7818 16
7819 26
7820 17
7821 12
7822 22
7823 20
7824 14
7825 11
7826 15
7827 22
7828 17
7829 19
7830 23
7831 10
7832 14
7833 13
7834 28
7835 19
7836 15
7837 10
7838 11
7839 5
7840 20
7841 27
7842 23
7843 21
7844 19
7845 10
7846 15
7847 17
7848 20
7849 16
7850 16
7851 14
7852 27
7853 23
7854 19
7855 20
7856 23
7857 12
7858 15
7859 20
7860 24
7861 14
7862 18
7863 8
7864 26
7865 25
7866 21
7867 11
7868 16
7869 22
7870 16
7871 11
7872 8
7873 16
7874 22
7875 20
7876 13
7877 15
7878 21
7879 22
7880 19
7881 23
7882 15
7883 16
7884 18
7885 28
7886 19
7887 23
7888 22
7889 12
7890 24
7891 27
7892 12
7893 27
7894 20
7895 19
7896 16
7897 27
7898 24
7899 19
7900 3
7901 12
7902 12
7903 16
7904 29
7905 22
7906 26
7907 17
7908 20
7909 23
7910 26
7911 23
7912 21
7913 21
7914 19
7915 21
7916 23
7917 30
7918 24
7919 20
7920 21
7921 16
7922 13
7923 26
7924 22
7925 32
7926 19
7927 16
7928 23
7929 29
7930 27
7931 22
7932 26
7933 23
7934 31
7935 16
7936 24
7937 33
7938 26
7939 28
7940 18
7941 27
7942 28
7943 24
7944 27
7945 28
7946 31
7947 25
7948 28
7949 35
7950 36
7951 35
7952 34
7953 1
7954 0
7955 32
7956 30
7957 27
7958 83
7959 26
7960 16
7961 22
7962 18
7963 18
7964 19
7965 24
7966 20
7967 28
7968 24
7969 24
7970 17
7971 18
7972 15
7973 19
7974 23
7975 20
7976 24
7977 26
7978 10
7979 17
7980 19
7981 27
7982 15
7983 17
7984 16
7985 19
7986 22
7987 23
7988 28
7989 13
7990 5
7991 14
7992 11
7993 19
7994 16
7995 49
7996 22
7997 18
7998 10
7999 9
8000 15
8001 14
8002 16
8003 20
8004 12
8005 8
8006 26
8007 21
8008 18
8009 12
8010 15
8011 12
8012 18
8013 21
8014 22
8015 22
8016 15
8017 12
8018 15
8019 21
8020 18
8021 17
8022 14
8023 12
8024 15
8025 24
8026 26
8027 10
8028 24
8029 18
8030 16
8031 14
8032 22
8033 20
8034 20
8035 20
8036 21
8037 14
8038 14
8039 14
8040 24
8041 19
8042 18
8043 16
8044 8
8045 10
8046 22
8047 20
8048 21
8049 18
8050 15
8051 15
8052 20
8053 21
8054 14
8055 11
8056 12
8057 12
8058 14
8059 19
8060 19
8061 22
8062 18
8063 12
8064 29
8065 23
8066 18
8067 16
8068 26
8069 15
8070 16
8071 24
8072 23
8073 24
8074 10
8075 11
8076 12
8077 9
8078 14
8079 19
8080 14
8081 14
8082 12
8083 16
8084 23
8085 17
8086 20
8087 19
8088 18
8089 9
8090 20
8091 26
8092 19
8093 20
8094 19
8095 13
8096 14
8097 12
8098 26
8099 18
8100 15
8101 23
8102 23
8103 1
8104 16
8105 17
8106 21
8107 22
8108 9
8109 17
8110 28
8111 23
8112 24
8113 22
8114 7
8115 19
8116 19
8117 19
8118 30
8119 20
8120 17
8121 19
8122 23
8123 29
8124 21
8125 17
8126 19
8127 19
8128 20
8129 32
8130 46
8131 19
8132 17
8133 28
8134 21
8135 13
8136 5
8137 22
8138 17
8139 16
8140 9
8141 13
8142 22
8143 19
8144 19
8145 17
8146 15
8147 11
8148 13
8149 12
8150 19
8151 21
8152 13
8153 20
8154 23
8155 24
8156 21
8157 24
8158 16
8159 20
8160 19
8161 19
8162 19
8163 20
8164 21
8165 18
8166 26
8167 13
8168 17
8169 28
8170 17
8171 12
8172 12
8173 19
8174 20
8175 19
8176 21
8177 19
8178 11
8179 16
8180 7
8181 22
8182 24
8183 21
8184 4
8185 17
8186 16
8187 20
8188 23
8189 24
8190 15
8191 9
8192 11
8193 17
8194 15
8195 17
8196 11
8197 22
8198 14
8199 12
8200 29
8201 19
8202 16
8203 15
8204 12
8205 25
8206 22
8207 20
8208 13
8209 11
8210 14
8211 22
8212 25
8213 18
8214 14
8215 21
8216 6
8217 14
8218 16
8219 13
8220 25
8221 12
8222 20
8223 15
8224 17
8225 25
8226 17
8227 25
8228 10
8229 18
8230 15
8231 21
8232 21
8233 22
8234 18
8235 19
8236 17
8237 24
8238 17
8239 23
8240 27
8241 24
8242 5
8243 7
8244 19
8245 23
8246 21
8247 18
8248 19
8249 17
8250 26
8251 16
8252 15
8253 19
8254 16
8255 14
8256 12
8257 33
8258 24
8259 17
8260 15
8261 14
8262 14
8263 30
8264 22
8265 17
8266 15
8267 22
8268 3
8269 12
8270 25
8271 18
8272 26
8273 21
8274 21
8275 22
8276 30
8277 26
8278 21
8279 21
8280 9
8281 24
8282 30
8283 21
8284 24
8285 13
8286 24
8287 19
8288 17
8289 30
8290 20
8291 12
8292 21
8293 13
8294 20
8295 24
8296 30
8297 21
8298 21
8299 21
8300 4
8301 12
8302 16
8303 15
8304 21
8305 20
8306 12
8307 17
8308 23
8309 30
8310 19
8311 26
8312 23
8313 19
8314 12
8315 26
8316 21
8317 19
8318 17
8319 21
8320 22
8321 13
8322 14
8323 20
8324 18
8325 15
8326 20
8327 17
8328 24
8329 19
8330 21
8331 20
8332 12
8333 18
8334 19
8335 21
8336 21
8337 19
8338 22
8339 22
8340 25
8341 30
8342 17
8343 12
8344 1
8345 18
8346 29
8347 19
8348 21
8349 21
8350 16
8351 13
8352 10
8353 23
8354 19
8355 21
8356 13
8357 14
8358 20
8359 24
8360 22
8361 20
8362 19
8363 19
8364 16
8365 12
8366 22
8367 28
8368 19
8369 21
8370 15
8371 13
8372 20
8373 29
8374 19
8375 23
8376 13
8377 24
8378 22
8379 15
8380 27
8381 13
8382 20
8383 3
8384 20
8385 21
8386 23
8387 24
8388 27
8389 13
8390 1
8391 77
8392 15
8393 26
8394 18
8395 19
8396 11
8397 12
8398 21
8399 17
8400 19
8401 20
8402 17
8403 23
8404 28
8405 23
8406 20
8407 18
8408 17
8409 20
8410 20
8411 26
8412 25
8413 27
8414 22
8415 20
8416 23
8417 20
8418 31
8419 24
8420 34
8421 19
8422 22
8423 20
8424 15
8425 21
8426 30
8427 12
8428 19
8429 24
8430 19
8431 23
8432 14
8433 21
8434 11
8435 17
8436 14
8437 17
8438 7
8439 32
8440 12
8441 14
8442 8
8443 36
8444 20
8445 0
8446 20
8447 10
8448 26
8449 16
8450 15
8451 20
8452 19
8453 12
8454 24
8455 28
8456 19
8457 24
8458 20
8459 19
8460 19
8461 12
8462 27
8463 32
8464 20
8465 23
8466 15
8467 20
8468 23
8469 16
8470 25
8471 17
8472 22
8473 31
8474 31
8475 27
8476 14
8477 19
8478 20
8479 19
8480 35
8481 34
8482 29
8483 16
8484 19
8485 15
8486 20
8487 19
8488 26
8489 16
8490 24
8491 18
8492 20
8493 15
8494 21
8495 21
8496 22
8497 28
8498 6
8499 17
8500 25
8501 24
8502 33
8503 24
8504 20
8505 20
8506 32
8507 28
8508 11
8509 19
8510 21
8511 25
8512 13
8513 27
8514 25
8515 15
8516 19
8517 15
8518 19
8519 25
8520 28
8521 27
8522 24
8523 11
8524 13
8525 23
8526 36
8527 23
8528 24
8529 24
8530 19
8531 17
8532 28
8533 29
8534 32
8535 28
8536 27
8537 26
8538 26
8539 19
8540 19
8541 29
8542 23
8543 13
8544 9
8545 28
8546 23
8547 19
8548 13
8549 22
8550 19
8551 36
8552 28
8553 29
8554 34
8555 19
8556 20
8557 20
8558 30
8559 14
8560 27
8561 23
8562 32
8563 51
8564 43
8565 39
8566 33
8567 27
8568 23
8569 20
8570 26
8571 29
8572 20
8573 34
8574 24
8575 17
8576 22
8577 28
8578 27
8579 27
8580 17
8581 22
8582 20
8583 21
8584 14
8585 22
8586 15
8587 20
8588 17
8589 14
8590 18
8591 19
8592 19
8593 26
8594 20
8595 16
8596 22
8597 21
8598 19
8599 20
8600 14
8601 22
8602 23
8603 26
8604 21
8605 25
8606 8
8607 7
8608 17
8609 25
8610 19
8611 19
8612 14
8613 15
8614 20
8615 28
8616 20
8617 17
8618 16
8619 14
8620 13
8621 28
8622 23
8623 24
8624 23
8625 19
8626 25
8627 21
8628 20
8629 17
8630 23
8631 19
8632 16
8633 17
8634 27
8635 21
8636 23
8637 23
8638 20
8639 20
8640 15
8641 24
8642 22
8643 18
8644 18
8645 19
8646 20
8647 32
8648 25
8649 24
8650 19
8651 12
8652 21
8653 9
8654 16
8655 24
8656 10
8657 17
8658 19
8659 12
8660 15
8661 24
8662 28
8663 21
8664 17
8665 16
8666 25
8667 21
8668 21
8669 26
8670 20
8671 14
8672 19
8673 28
8674 32
8675 24
8676 23
8677 28
8678 21
8679 20
8680 28
8681 14
8682 29
8683 27
8684 22
8685 12
8686 33
8687 26
8688 21
8689 12
8690 14
8691 22
8692 27
8693 21
8694 20
8695 24
8696 14
8697 27
8698 14
8699 28
8700 15
8701 28
8702 11
8703 14
8704 19
8705 28
8706 24
8707 25
8708 22
8709 17
8710 16
8711 24
8712 18
8713 23
8714 18
8715 17
8716 21
8717 27
8718 27
8719 19
8720 28
8721 24
8722 24
8723 28
8724 13
8725 28
8726 28
8727 23
8728 24
8729 14
8730 27
8731 23
8732 26
8733 32
8734 24
8735 9
8736 20
8737 24
8738 32
8739 22
8740 30
8741 22
8742 18
8743 23
8744 30
8745 23
8746 25
8747 20
8748 24
8749 22
8750 31
8751 23
8752 28
8753 28
8754 17
8755 15
8756 8
8757 0
8758 18
8759 19
8760 9
8761 14
8762 29
8763 20
8764 20
8765 14
8766 20
8767 10
8768 11
8769 17
8770 24
8771 21
8772 21
8773 10
8774 18
8775 19
8776 22
8777 19
8778 19
8779 27
8780 19
8781 8
8782 14
8783 23
8784 20
8785 22
8786 3
8787 18
8788 23
8789 15
8790 19
8791 20
8792 16
8793 25
8794 33
8795 20
8796 15
8797 23
8798 16
8799 7
8800 21
8801 28
8802 27
8803 20
8804 19
8805 6
8806 28
8807 11
8808 27
8809 18
8810 16
8811 24
8812 7
8813 12
8814 19
8815 30
8816 17
8817 19
8818 18
8819 13
8820 15
8821 16
8822 17
8823 30
8824 3
8825 19
8826 11
8827 15
8828 15
8829 30
8830 21
8831 14
8832 11
8833 19
8834 22
8835 13
8836 14
8837 0
8838 13
8839 25
8840 18
8841 16
8842 21
8843 19
8844 10
8845 12
8846 20
8847 22
8848 19
8849 17
8850 12
8851 23
8852 21
8853 21
8854 14
8855 12
8856 18
8857 13
8858 8
8859 20
8860 15
8861 19
8862 18
8863 10
8864 4
8865 19
8866 12
8867 18
8868 24
8869 17
8870 19
8871 20
8872 26
8873 11
8874 18
8875 19
8876 9
8877 16
8878 16
8879 16
8880 14
8881 8
8882 10
8883 9
8884 22
8885 37
8886 15
8887 17
8888 6
8889 14
8890 21
8891 10
8892 15
8893 20
8894 14
8895 9
8896 3
8897 21
8898 20
8899 14
8900 18
8901 16
8902 21
8903 16
8904 19
8905 19
8906 18
8907 22
8908 19
8909 9
8910 31
8911 23
8912 20
8913 14
8914 8
8915 13
8916 29
8917 25
8918 15
8919 24
8920 15
8921 20
8922 24
8923 21
8924 15
8925 16
8926 20
8927 17
8928 23
8929 28
8930 21
8931 15
8932 26
8933 5
8934 11
8935 28
8936 26
8937 22
8938 19
8939 22
8940 5
8941 7
8942 15
8943 25
8944 19
8945 9
8946 7
8947 23
8948 26
8949 19
8950 24
8951 16
8952 15
8953 12
8954 19
8955 22
8956 19
8957 19
8958 16
8959 16
8960 19
8961 25
8962 31
8963 22
8964 20
8965 17
8966 7
8967 11
8968 28
8969 19
8970 24
8971 19
8972 14
8973 11
8974 15
8975 21
8976 18
8977 8
8978 5
8979 22
8980 18
8981 24
8982 19
8983 22
8984 15
8985 15
8986 21
8987 17
8988 18
8989 11
8990 16
8991 16
8992 20
8993 11
8994 12
8995 13
8996 20
8997 19
8998 16
8999 20
9000 24
9001 18
9002 17
9003 6
9004 12
9005 50
9006 9
9007 24
9008 24
9009 20
9010 20
9011 19
9012 11
9013 16
9014 19
9015 22
9016 20
9017 22
9018 24
9019 25
9020 16
9021 16
9022 18
9023 19
9024 25
9025 34
9026 25
9027 37
9028 33
9029 32
9030 33
9031 40
9032 55
9033 49
9034 66
9035 62
9036 71
9037 58
9038 60
9039 61
9040 62
9041 52
9042 47
9043 37
9044 28
9045 35
9046 19
9047 21
9048 24
9049 12
9050 13
9051 16
9052 21
9053 17
9054 17
9055 18
9056 15
9057 14
9058 18
9059 20
9060 15
9061 9
9062 12
9063 28
9064 12
9065 22
9066 25
9067 20
9068 0
9069 19
9070 28
9071 29
9072 9
9073 24
9074 8
9075 11
9076 27
9077 20
9078 14
9079 19
9080 10
9081 20
9082 22
9083 20
9084 17
9085 15
9086 16
9087 8
9088 6
9089 24
9090 29
9091 19
9092 14
9093 15
9094 21
9095 25
9096 21
9097 18
9098 19
9099 16
9100 24
9101 15
9102 24
9103 15
9104 12
9105 21
9106 11
9107 14
9108 19
9109 25
9110 19
9111 19
9112 8
9113 13
9114 13
9115 22
9116 17
9117 15
9118 19
9119 13
9120 20
9121 18
9122 23
9123 19
9124 11
9125 12
9126 14
9127 24
9128 21
9129 13
9130 17
9131 16
9132 18
9133 12
9134 21
9135 17
9136 18
9137 8
9138 5
9139 22
9140 23
9141 23
9142 21
9143 12
9144 12
9145 32
9146 24
9147 18
9148 12
9149 15
9150 16
9151 0
9152 6
9153 23
9154 15
9155 21
9156 14
9157 16
9158 19
9159 17
9160 16
9161 25
9162 14
9163 20
9164 19
9165 14
9166 13
9167 16
9168 0
9169 24
9170 21
9171 20
9172 22
9173 20
9174 12
9175 21
9176 11
9177 18
9178 12
9179 26
9180 30
9181 11
9182 16
9183 6
9184 11
9185 21
9186 17
9187 10
9188 11
9189 11
9190 11
9191 18
9192 16
9193 12
9194 15
9195 6
9196 7
9197 20
9198 25
9199 24
9200 4
9201 16
9202 16
9203 17
9204 14
9205 15
9206 26
9207 16
9208 21
9209 23
9210 9
9211 12
9212 18
9213 18
9214 19
9215 17
9216 17
9217 15
9218 16
9219 21
9220 23
9221 12
9222 16
9223 19
9224 24
9225 16
9226 14
9227 19
9228 20
9229 22
9230 14
9231 13
9232 12
9233 41
9234 14
9235 20
9236 16
9237 22
9238 20
9239 16
9240 1
9241 20
9242 23
9243 22
9244 11
9245 23
9246 12
9247 9
9248 6
9249 4
9250 24
9251 19
9252 25
9253 0
9254 0
9255 11
9256 16
9257 16
9258 13
9259 15
9260 13
9261 18
9262 4
9263 10
9264 14
9265 19
9266 15
9267 11
9268 19
9269 29
9270 14
9271 21
9272 5
9273 16
9274 11
9275 15
9276 16
9277 17
9278 17
9279 15
9280 14
9281 15
9282 10
9283 12
9284 19
9285 5
9286 9
9287 17
9288 21
9289 17
9290 17
9291 16
9292 11
9293 16
9294 24
9295 19
9296 11
9297 18
9298 9
9299 16
9300 9
9301 19
9302 19
9303 12
9304 17
9305 15
9306 16
9307 11
9308 10
9309 22
9310 22
9311 20
9312 14
9313 16
9314 21
9315 27
9316 16
9317 13
9318 11
9319 21
9320 17
9321 19
9322 21
9323 16
9324 11
9325 13
9326 19
9327 24
9328 19
9329 8
9330 7
9331 8
9332 27
9333 16
9334 18
9335 12
9336 14
9337 19
9338 30
9339 28
9340 18
9341 19
9342 24
9343 22
9344 13
9345 11
9346 12
9347 15
9348 10
9349 15
9350 15
9351 21
9352 20
9353 5
9354 27
9355 16
9356 20
9357 24
9358 32
9359 26
9360 20
9361 19
9362 19
9363 15
9364 27
9365 26
9366 22
9367 20
9368 0
9369 4
9370 23
9371 19
9372 14
9373 13
9374 9
9375 11
9376 26
9377 22
9378 18
9379 15
9380 17
9381 15
9382 13
9383 19
9384 23
9385 20
9386 17
9387 18
9388 16
9389 15
9390 16
9391 24
9392 15
9393 22
9394 21
9395 11
9396 16
9397 20
9398 17
9399 18
9400 11
9401 20
9402 20
9403 23
9404 23
9405 20
9406 13
9407 6
9408 24
9409 13
9410 19
9411 20
9412 6
9413 9
9414 14
9415 25
9416 14
9417 17
9418 30
9419 18
9420 18
9421 14
9422 18
9423 19
9424 14
9425 18
9426 20
9427 12
9428 16
9429 25
9430 14
9431 20
9432 13
9433 10
9434 24
9435 22
9436 0
9437 17
9438 17
9439 15
9440 13
9441 12
9442 22
9443 12
9444 12
9445 18
9446 17
9447 25
9448 21
9449 19
9450 19
9451 21
9452 15
9453 20
9454 22
9455 11
9456 14
9457 19
9458 10
9459 16
9460 14
9461 22
9462 18
9463 22
9464 12
9465 18
9466 21
9467 26
9468 17
9469 23
9470 8
9471 18
9472 14
9473 26
9474 25
9475 25
9476 24
9477 5
9478 23
9479 18
9480 14
9481 16
9482 25
9483 27
9484 20
9485 18
9486 16
9487 19
9488 24
9489 19
9490 14
9491 17
9492 26
9493 21
9494 24
9495 20
9496 20
9497 6
9498 18
9499 21
9500 15
9501 23
9502 19
9503 18
9504 9
9505 25
9506 25
9507 17
9508 14
9509 23
9510 14
9511 25
9512 20
9513 16
9514 12
9515 16
9516 19
9517 12
9518 21
9519 19
9520 21
9521 20
9522 14
9523 15
9524 19
9525 21
9526 19
9527 20
9528 23
9529 17
9530 31
9531 24
9532 15
9533 16
9534 23
9535 15
9536 34
9537 24
9538 24
9539 24
9540 25
9541 20
9542 15
9543 18
9544 21
9545 21
9546 22
9547 21
9548 9
9549 14
9550 29
9551 21
9552 22
9553 15
9554 16
9555 16
9556 23
9557 22
9558 19
9559 15
9560 12
9561 5
9562 20
9563 21
9564 19
9565 23
9566 22
9567 19
9568 12
9569 23
9570 26
9571 25
9572 25
9573 12
9574 21
9575 27
9576 21
9577 31
9578 21
9579 18
9580 8
9581 19
9582 29
9583 17
9584 22
9585 21
9586 17
9587 20
9588 21
9589 32
9590 25
9591 17
9592 13
9593 11
9594 28
9595 24
9596 23
9597 15
9598 21
9599 22
9600 15
9601 21
9602 22
9603 22
9604 12
9605 25
9606 15
9607 20
9608 19
9609 9
9610 25
9611 19
9612 20
9613 18
9614 26
9615 23
9616 22
9617 11
9618 14
9619 24
9620 32
9621 33
9622 25
9623 28
9624 21
9625 19
9626 15
9627 25
9628 22
9629 22
9630 0
9631 16
9632 19
9633 14
9634 21
9635 17
9636 22
9637 22
9638 20
9639 19
9640 16
9641 17
9642 22
9643 25
9644 16
9645 12
9646 14
9647 21
9648 11
9649 21
9650 7
9651 7
9652 15
9653 15
9654 15
9655 19
9656 12
9657 18
9658 26
9659 27
9660 27
9661 15
9662 23
9663 21
9664 11
9665 10
9666 30
9667 13
9668 17
9669 12
9670 12
9671 31
9672 28
9673 15
9674 20
9675 16
9676 15
9677 24
9678 22
9679 30
9680 23
9681 20
9682 16
9683 14
9684 27
9685 23
9686 17
9687 18
9688 19
9689 25
9690 22
9691 32
9692 13
9693 19
9694 20
9695 17
9696 10
9697 20
9698 15
9699 17
9700 19
9701 13
9702 18
9703 31
9704 27
9705 24
9706 20
9707 17
9708 14
9709 18
9710 9
9711 22
9712 19
9713 24
9714 12
9715 13
9716 33
9717 24
9718 20
9719 20
9720 22
9721 14
9722 11
9723 15
9724 21
9725 16
9726 14
9727 18
9728 26
9729 30
9730 21
9731 20
9732 24
9733 7
9734 26
9735 19
9736 29
9737 15
9738 25
9739 22
9740 12
9741 19
9742 38
9743 21
9744 23
9745 25
9746 13
9747 16
9748 30
9749 27
9750 21
9751 24
9752 29
9753 29
9754 37
9755 18
9756 25
9757 25
9758 16
9759 22
9760 16
9761 23
9762 19
9763 24
9764 20
9765 8
9766 19
9767 27
9768 25
9769 25
9770 24
9771 23
9772 11
9773 14
9774 23
9775 22
9776 28
9777 18
9778 14
9779 10
9780 17
9781 26
9782 20
9783 18
9784 20
9785 23
9786 28
9787 21
9788 22
9789 22
9790 18
9791 15
9792 19
9793 14
9794 31
9795 19
9796 21
9797 18
9798 0
9799 16
9800 17
9801 18
9802 19
9803 85
9804 18
9805 25
9806 19
9807 26
9808 8
9809 21
9810 12
9811 12
9812 23
9813 24
9814 28
9815 21
9816 17
9817 20
9818 11
9819 28
9820 26
9821 22
9822 23
9823 8
9824 20
9825 22
9826 37
9827 20
9828 17
9829 18
9830 24
9831 23
9832 24
9833 24
9834 24
9835 25
9836 20
9837 19
9838 19
9839 27
9840 21
9841 24
9842 7
9843 11
9844 31
9845 20
9846 15
9847 18
9848 12
9849 23
9850 30
9851 12
9852 28
9853 26
9854 24
9855 19
9856 20
9857 28
9858 12
9859 20
9860 14
9861 21
9862 17
9863 19
9864 27
9865 23
9866 22
9867 20
9868 11
9869 23
9870 23
9871 21
9872 30
9873 28
9874 11
9875 23
9876 23
9877 21
9878 29
9879 20
9880 27
9881 14
9882 35
9883 26
9884 21
9885 22
9886 19
9887 4
9888 24
9889 16
9890 25
9891 16
9892 11
9893 11
9894 20
9895 28
9896 20
9897 22
9898 23
9899 16
9900 20
9901 25
9902 28
9903 23
9904 20
9905 24
9906 15
9907 17
9908 30
9909 19
9910 20
9911 21
9912 19
9913 15
9914 27
9915 24
9916 23
9917 20
9918 31
9919 26
9920 21
9921 22
9922 24
9923 28
9924 28
9925 21
9926 13
9927 24
9928 24
9929 23
9930 19
9931 28
9932 16
9933 21
9934 23
9935 23
9936 28
9937 26
9938 18
9939 24
9940 25
9941 27
9942 23
9943 28
9944 19
9945 27
9946 31
9947 33
9948 27
9949 21
9950 24
9951 19
9952 19
9953 17
9954 19
9955 28
9956 28
9957 14
9958 15
9959 21
9960 19
9961 27
9962 22
9963 17
9964 20
9965 31
9966 31
9967 19
9968 14
9969 25
9970 27
9971 29
9972 23
9973 19
9974 15
9975 21
9976 20
9977 19
9978 31
9979 0
9980 28
9981 19
9982 20
9983 5
9984 24
9985 19
9986 34
9987 26
9988 26
9989 12
9990 31
9991 21
9992 28
9993 31
9994 26
9995 29
9996 23
9997 28
9998 21
9999 16
10000 19
10001 18
10002 25
10003 23
10004 25
10005 29
10006 28
10007 19
10008 21
10009 24
10010 36
10011 25
10012 19
10013 24
10014 22
10015 23
10016 15
10017 15
10018 22
10019 32
10020 31
10021 28
10022 25
10023 20
10024 21
10025 23
10026 28
10027 24
10028 16
10029 30
10030 13
10031 36
10032 25
10033 28
10034 35
10035 32
10036 21
10037 25
10038 28
