0 0
1 0
2 2
3 4
4 0
5 0
6 0
7 0
8 0
9 0
10 0
11 0
12 2
13 0
14 2
15 0
16 0
17 0
18 0
19 2
20 0
21 5
22 0
23 3
24 0
25 8
26 0
27 0
28 2
29 0
30 2
31 0
32 2
33 3
34 6
35 0
36 0
37 0
38 0
39 3
40 0
41 1
42 0
43 2
44 0
45 1
46 0
47 0
48 0
49 0
50 2
51 0
52 2
53 0
54 7
55 0
56 2
57 0
58 2
59 6
60 0
61 10
62 0
63 0
64 0
65 3
66 0
67 0
68 0
69 2
70 2
71 0
72 0
73 4
74 2
75 0
76 0
77 2
78 0
79 0
80 2
81 2
82 1
83 1
84 0
85 0
86 0
87 2
88 2
89 0
90 0
91 0
92 0
93 0
94 2
95 0
96 7
97 0
98 2
99 6
100 2
101 2
102 0
103 2
104 0
105 1
106 0
107 5
108 2
109 0
110 2
111 0
112 2
113 0
114 6
115 2
116 2
117 1
118 0
119 5
120 0
121 0
122 0
123 0
124 3
125 0
126 0
127 0
128 0
129 0
130 0
131 0
132 2
133 0
134 2
135 0
136 0
137 0
138 0
139 2
140 0
141 4
142 0
143 6
144 0
145 2
146 0
147 0
148 2
149 0
150 0
151 0
152 0
153 0
154 1
155 1
156 0
157 0
158 2
159 2
160 0
161 4
162 0
163 2
164 0
165 2
166 2
167 0
168 11
169 0
170 2
171 2
172 2
173 0
174 1
175 2
176 2
177 2
178 0
179 0
180 0
181 0
182 0
183 2
184 0
185 2
186 0
187 2
188 3
189 0
190 3
191 0
192 4
193 0
194 0
195 0
196 2
197 4
198 0
199 2
200 0
201 2
202 0
203 0
204 0
205 0
206 3
207 0
208 2
209 0
210 0
211 0
212 3
213 1
214 0
215 3
216 0
217 2
218 0
219 0
220 0
221 0
222 0
223 0
224 0
225 0
226 0
227 0
228 2
229 0
230 2
231 0
232 6
233 4
234 0
235 0
236 0
237 2
238 0
239 0
240 0
241 0
242 0
243 2
244 0
245 4
246 0
247 0
248 2
249 0
250 2
251 0
252 0
253 0
254 0
255 4
256 3
257 3
258 5
259 0
260 0
261 2
262 2
263 2
264 2
265 0
266 0
267 0
268 2
269 0
270 0
271 0
272 0
273 6
274 2
275 2
276 0
277 1
278 0
279 0
280 0
281 2
282 0
283 2
284 0
285 2
286 6
287 0
288 0
289 0
290 6
291 0
292 2
293 3
294 0
295 3
296 0
297 1
298 0
299 0
300 0
301 0
302 0
303 0
304 0
305 2
306 2
307 0
308 2
309 0
310 2
311 0
312 2
313 2
314 3
315 3
316 0
317 4
318 0
319 1
320 0
321 6
322 1
323 0
324 0
325 0
326 2
327 0
328 0
329 0
330 2
331 0
332 2
333 1
334 0
335 0
336 2
337 3
338 0
339 0
340 0
341 4
342 2
343 0
344 3
345 0
346 0
347 0
348 0
349 0
350 2
351 4
352 0
353 0
354 0
355 0
356 2
357 2
358 0
359 2
360 0
361 2
362 0
363 0
364 0
365 2
366 2
367 0
368 3
369 0
370 2
371 2
372 2
373 4
374 3
375 2
376 0
377 0
378 3
379 2
380 0
381 2
382 3
383 0
384 2
385 0
386 0
387 0
388 0
389 0
390 2
391 0
392 0
393 0
394 0
395 0
396 0
397 0
398 0
399 0
400 2
401 2
402 0
403 0
404 0
405 2
406 0
407 3
408 0
409 0
410 0
411 0
412 5
413 2
414 0
415 0
416 0
417 0
418 2
419 1
420 0
421 3
422 4
423 6
424 3
425 0
426 0
427 5
428 0
429 0
430 0
431 0
432 0
433 0
434 0
435 2
436 3
437 1
438 0
439 2
440 4
441 2
442 2
443 2
444 0
445 2
446 2
447 0
448 2
449 0
450 0
451 0
452 0
453 0
454 2
455 0
456 0
457 0
458 0
459 2
460 0
461 2
462 0
463 4
464 0
465 0
466 4
467 0
468 0
469 0
470 2
471 0
472 2
473 4
474 0
475 5
476 6
477 2
478 0
479 3
480 0
481 0
482 0
483 2
484 0
485 2
486 0
487 2
488 0
489 0
490 0
491 0
492 0
493 0
494 0
495 0
496 2
497 2
498 0
499 2
500 0
501 7
502 0
503 4
504 0
505 0
506 2
507 0
508 0
509 0
510 0
511 10
512 2
513 0
514 0
515 0
516 2
517 2
518 0
519 0
520 0
521 0
522 0
523 6
524 2
525 3
526 3
527 0
528 2
529 0
530 0
531 0
532 0
533 7
534 0
535 1
536 0
537 1
538 0
539 0
540 0
541 5
542 0
543 2
544 0
545 8
546 2
547 1
548 2
549 0
550 2
551 0
552 0
553 2
554 2
555 10
556 0
557 3
558 0
559 0
560 0
561 2
562 2
563 0
564 2
565 0
566 2
567 0
568 0
569 0
570 0
571 0
572 0
573 0
574 2
575 4
576 2
577 1
578 0
579 3
580 0
581 2
582 3
583 2
584 0
585 0
586 1
587 0
588 0
589 0
590 2
591 0
592 0
593 0
594 2
595 2
596 0
597 0
598 0
599 2
600 0
601 2
602 0
603 5
604 0
605 2
606 0
607 0
608 0
609 0
610 3
611 3
612 0
613 0
614 0
615 4
616 0
617 0
618 0
619 0
620 0
621 0
622 0
623 0
624 0
625 2
626 2
627 0
628 0
629 0
630 2
631 0
632 0
633 6
634 4
635 2
636 0
637 4
638 0
639 2
640 0
641 3
642 1
643 10
644 4
645 0
646 2
647 0
648 0
649 0
650 0
651 0
652 0
653 0
654 2
655 0
656 2
657 2
658 0
659 3
660 0
661 6
662 0
663 6
664 2
665 0
666 0
667 0
668 0
669 0
670 2
671 2
672 2
673 3
674 0
675 0
676 0
677 0
678 0
679 0
680 3
681 0
682 0
683 2
684 2
685 0
686 4
687 2
688 10
689 0
690 2
691 0
692 0
693 0
694 0
695 2
696 0
697 2
698 0
699 0
700 0
701 0
702 0
703 0
704 2
705 0
706 0
707 0
708 0
709 0
710 2
711 0
712 2
713 0
714 0
715 2
716 0
717 0
718 0
719 3
720 0
721 3
722 2
723 0
724 2
725 0
726 2
727 0
728 2
729 2
730 0
731 1
732 0
733 4
734 0
735 0
736 0
737 2
738 0
739 0
740 0
741 2
742 2
743 2
744 0
745 0
746 0
747 0
748 2
749 0
750 2
751 7
752 2
753 4
754 0
755 2
756 0
757 0
758 0
759 0
760 2
761 0
762 0
763 0
764 0
765 0
766 0
767 0
768 0
769 2
770 1
771 0
772 3
773 2
774 0
775 0
776 1
777 4
778 0
779 2
780 0
781 3
782 2
783 0
784 3
785 2
786 0
787 0
788 2
789 7
790 0
791 0
792 0
793 2
794 0
795 0
796 2
797 3
798 0
799 2
800 0
801 0
802 2
803 0
804 4
805 0
806 4
807 0
808 2
809 7
810 0
811 4
812 0
813 4
814 0
815 2
816 2
817 0
818 2
819 0
820 0
821 2
822 3
823 0
824 0
825 0
826 0
827 2
828 2
829 0
830 4
831 0
832 0
833 1
834 0
835 2
836 2
837 0
838 0
839 0
840 0
841 0
842 5
843 0
844 0
845 0
846 0
847 7
848 0
849 2
850 0
851 0
852 0
853 3
854 4
855 1
856 3
857 0
858 0
859 0
860 0
861 0
862 2
863 2
864 4
865 0
866 0
867 2
868 0
869 0
870 4
871 1
872 0
873 4
874 0
875 2
876 2
877 2
878 4
879 0
880 2
881 0
882 0
883 3
884 3
885 4
886 0
887 1
888 0
889 2
890 1
891 6
892 0
893 0
894 4
895 0
896 4
897 0
898 0
899 0
900 1
901 0
902 0
903 0
904 0
905 0
906 0
907 4
908 0
909 0
910 0
911 0
912 0
913 3
914 4
915 6
916 5
917 0
918 1
919 4
920 4
921 4
922 4
923 2
924 0
925 10
926 0
927 0
928 1
929 4
930 0
931 0
932 0
933 4
934 2
935 0
936 0
937 2
938 4
939 0
940 2
941 2
942 2
943 0
944 4
945 2
946 2
947 4
948 0
949 4
950 4
951 0
952 0
953 3
954 8
955 4
956 12
957 0
958 0
959 0
960 2
961 0
962 4
963 1
964 12
965 4
966 0
967 3
968 0
969 0
970 0
971 0
972 4
973 6
974 0
975 0
976 3
977 2
978 4
979 4
980 0
981 6
982 0
983 5
984 0
985 2
986 2
987 2
988 0
989 3
990 0
991 0
992 0
993 0
994 0
995 0
996 0
997 0
998 4
999 0
1000 4
1001 6
1002 3
1003 4
1004 0
1005 4
1006 0
1007 0
1008 4
1009 6
1010 5
1011 0
1012 4
1013 2
1014 0
1015 0
1016 0
1017 0
1018 2
1019 1
1020 0
1021 1
1022 4
1023 3
1024 0
1025 0
1026 2
1027 3
1028 0
1029 4
1030 0
1031 1
1032 0
1033 0
1034 4
1035 2
1036 6
1037 0
1038 11
1039 1
1040 3
1041 0
1042 0
1043 8
1044 0
1045 0
1046 6
1047 4
1048 0
1049 2
1050 0
1051 2
1052 3
1053 0
1054 4
1055 0
1056 0
1057 0
1058 0
1059 0
1060 3
1061 9
1062 0
1063 1
1064 0
1065 1
1066 2
1067 4
1068 4
1069 4
1070 0
1071 0
1072 1
1073 0
1074 0
1075 0
1076 3
1077 2
1078 0
1079 2
1080 3
1081 0
1082 4
1083 4
1084 0
1085 6
1086 0
1087 5
1088 0
1089 2
1090 7
1091 5
1092 13
1093 0
1094 4
1095 0
1096 2
1097 2
1098 2
1099 1
1100 0
1101 4
1102 0
1103 0
1104 3
1105 6
1106 0
1107 3
1108 8
1109 0
1110 0
1111 1
1112 4
1113 0
1114 4
1115 3
1116 4
1117 1
1118 4
1119 0
1120 1
1121 7
1122 0
1123 7
1124 2
1125 3
1126 0
1127 7
1128 4
1129 0
1130 2
1131 6
1132 6
1133 2
1134 5
1135 3
1136 14
1137 2
1138 8
1139 8
1140 4
1141 2
1142 176
1143 10
1144 8
1145 15
1146 9
1147 15
1148 7
1149 16
1150 16
1151 15
1152 20
1153 21
1154 16
1155 15
1156 17
1157 16
1158 12
1159 9
1160 3
1161 13
1162 11
1163 12
1164 4
1165 13
1166 16
1167 12
1168 14
1169 14
1170 21
1171 20
1172 31
1173 16
1174 27
1175 23
1176 32
1177 33
1178 30
1179 32
1180 23
1181 29
1182 38
1183 40
1184 47
1185 44
1186 42
1187 40
1188 37
1189 33
1190 48
1191 42
1192 48
1193 50
1194 52
1195 42
1196 42
1197 40
1198 39
1199 38
1200 38
1201 41
1202 31
1203 39
1204 30
1205 25
1206 33
1207 28
1208 42
1209 32
1210 35
1211 34
1212 30
1213 23
1214 32
1215 32
1216 34
1217 27
1218 17
1219 26
1220 32
1221 35
1222 36
1223 26
1224 26
1225 35
1226 36
1227 31
1228 32
1229 31
1230 31
1231 26
1232 31
1233 31
1234 31
1235 32
1236 32
1237 32
1238 32
1239 29
1240 26
1241 25
1242 45
1243 22
1244 31
1245 34
1246 40
1247 39
1248 32
1249 41
1250 35
1251 39
1252 34
1253 42
1254 36
1255 33
1256 40
1257 31
1258 44
1259 48
1260 36
1261 35
1262 28
1263 32
1264 35
1265 31
1266 32
1267 22
1268 33
1269 32
1270 30
1271 32
1272 36
1273 37
1274 34
1275 36
1276 34
1277 34
1278 31
1279 45
1280 35
1281 34
1282 44
1283 42
1284 47
1285 44
1286 50
1287 46
1288 54
1289 60
1290 71
1291 70
1292 76
1293 75
1294 68
1295 71
1296 60
1297 68
1298 66
1299 56
1300 56
1301 35
1302 36
1303 28
1304 36
1305 26
1306 27
1307 17
1308 18
1309 15
1310 20
1311 12
1312 17
1313 12
1314 10
1315 19
1316 14
1317 20
1318 16
1319 12
1320 15
1321 13
1322 19
1323 10
1324 22
1325 12
1326 14
1327 18
1328 13
1329 18
1330 12
1331 15
1332 12
1333 13
1334 13
1335 5
1336 10
1337 15
1338 15
1339 15
1340 10
1341 7
1342 10
1343 10
1344 12
1345 8
1346 19
1347 7
1348 15
1349 14
1350 12
1351 12
1352 12
1353 4
1354 12
1355 10
1356 18
1357 14
1358 7
1359 15
1360 12
1361 11
1362 13
1363 7
1364 12
1365 4
1366 6
1367 13
1368 12
1369 15
1370 5
1371 11
1372 7
1373 12
1374 10
1375 9
1376 10
1377 16
1378 10
1379 19
1380 12
1381 12
1382 15
1383 8
1384 7
1385 15
1386 14
1387 16
1388 8
1389 11
1390 7
1391 7
1392 6
1393 14
1394 6
1395 6
1396 14
1397 3
1398 9
1399 12
1400 11
1401 6
1402 5
1403 4
1404 12
1405 8
1406 12
1407 11
1408 10
1409 8
1410 5
1411 15
1412 9
1413 8
1414 12
1415 7
1416 8
1417 13
1418 15
1419 10
1420 11
1421 10
1422 10
1423 4
1424 4
1425 7
1426 15
1427 10
1428 3
1429 10
1430 7
1431 12
1432 10
1433 12
1434 13
1435 12
1436 15
1437 10
1438 12
1439 6
1440 10
1441 2
1442 10
1443 10
1444 17
1445 14
1446 10
1447 14
1448 9
1449 10
1450 10
1451 10
1452 8
1453 11
1454 7
1455 13
1456 9
1457 4
1458 12
1459 13
1460 18
1461 13
1462 21
1463 11
1464 18
1465 18
1466 20
1467 20
1468 14
1469 24
1470 20
1471 15
1472 18
1473 16
1474 8
1475 26
1476 18
1477 12
1478 16
1479 14
1480 14
1481 6
1482 10
1483 11
1484 16
1485 11
1486 14
1487 14
1488 20
1489 17
1490 16
1491 20
1492 16
1493 23
1494 18
1495 14
1496 32
1497 18
1498 20
1499 10
1500 16
1501 16
1502 18
1503 20
1504 15
1505 14
1506 10
1507 13
1508 16
1509 16
1510 10
1511 15
1512 15
1513 0
1514 15
1515 5
1516 12
1517 8
1518 11
1519 9
1520 16
1521 8
1522 15
1523 12
1524 15
1525 14
1526 10
1527 12
1528 14
1529 14
1530 12
1531 18
1532 15
1533 6
1534 16
1535 11
1536 15
1537 8
1538 15
1539 11
1540 11
1541 15
1542 14
1543 13
1544 5
1545 14
1546 16
1547 12
1548 10
1549 12
1550 9
1551 15
1552 0
1553 28
1554 12
1555 10
1556 16
1557 10
1558 15
1559 6
1560 18
1561 18
1562 7
1563 7
1564 8
1565 22
1566 16
1567 15
1568 14
1569 20
1570 14
1571 18
1572 10
1573 22
1574 20
1575 16
1576 22
1577 22
1578 24
1579 24
1580 26
1581 20
1582 27
1583 22
1584 32
1585 29
1586 28
1587 31
1588 32
1589 30
1590 36
1591 44
1592 44
1593 31
1594 34
1595 31
1596 33
1597 38
1598 38
1599 41
1600 40
1601 41
1602 41
1603 55
1604 60
1605 64
1606 60
1607 63
1608 67
1609 68
1610 82
1611 95
1612 95
1613 101
1614 108
1615 116
1616 124
1617 127
1618 126
1619 145
1620 172
1621 166
1622 159
1623 162
1624 192
1625 207
1626 204
1627 202
1628 223
1629 271
1630 284
1631 336
1632 336
1633 383
1634 384
1635 392
1636 387
1637 359
1638 348
1639 287
1640 274
1641 242
1642 223
1643 186
1644 144
1645 118
1646 75
1647 63
1648 46
1649 31
1650 31
1651 29
1652 26
1653 18
1654 22
1655 24
1656 23
1657 22
1658 26
1659 16
1660 16
1661 10
1662 18
1663 19
1664 19
1665 19
1666 12
1667 20
1668 15
1669 15
1670 20
1671 16
1672 14
1673 8
1674 16
1675 15
1676 12
1677 10
1678 16
1679 16
1680 16
1681 15
1682 11
1683 10
1684 4
1685 13
1686 9
1687 10
1688 10
1689 12
1690 7
1691 0
1692 10
1693 15
1694 15
1695 9
1696 8
1697 4
1698 13
1699 8
1700 14
1701 12
1702 10
1703 12
1704 3
1705 7
1706 5
1707 16
1708 11
1709 10
1710 8
1711 6
1712 6
1713 4
1714 10
1715 8
1716 12
1717 4
1718 7
1719 10
1720 12
1721 10
1722 10
1723 9
1724 7
1725 7
1726 12
1727 10
1728 7
1729 19
1730 2
1731 13
1732 3
1733 10
1734 14
1735 12
1736 4
1737 9
1738 9
1739 16
1740 11
1741 12
1742 6
1743 9
1744 3
1745 10
1746 0
1747 12
1748 7
1749 7
1750 8
1751 14
1752 16
1753 14
1754 11
1755 11
1756 5
1757 14
1758 12
1759 13
1760 10
1761 9
1762 3
1763 6
1764 9
1765 10
1766 9
1767 14
1768 8
1769 4
1770 6
1771 4
1772 12
1773 9
1774 15
1775 2
1776 6
1777 8
1778 12
1779 10
1780 2
1781 9
1782 11
1783 15
1784 12
1785 12
1786 12
1787 3
1788 8
1789 14
1790 16
1791 11
1792 16
1793 11
1794 7
1795 10
1796 7
1797 12
1798 15
1799 6
1800 8
1801 15
1802 16
1803 17
1804 12
1805 14
1806 6
1807 6
1808 16
1809 16
1810 16
1811 14
1812 15
1813 15
1814 13
1815 15
1816 18
1817 16
1818 18
1819 19
1820 18
1821 14
1822 18
1823 22
1824 20
1825 23
1826 18
1827 28
1828 24
1829 18
1830 24
1831 23
1832 26
1833 27
1834 20
1835 24
1836 28
1837 31
1838 30
1839 34
1840 24
1841 42
1842 32
1843 42
1844 34
1845 35
1846 34
1847 33
1848 42
1849 38
1850 31
1851 30
1852 30
1853 25
1854 31
1855 28
1856 32
1857 25
1858 18
1859 22
1860 18
1861 31
1862 16
1863 23
1864 18
1865 24
1866 31
1867 36
1868 38
1869 44
1870 33
1871 35
1872 39
1873 43
1874 55
1875 50
1876 51
1877 54
1878 50
1879 60
1880 60
1881 58
1882 74
1883 69
1884 63
1885 80
1886 95
1887 88
1888 83
1889 86
1890 102
1891 114
1892 120
1893 120
1894 128
1895 130
1896 132
1897 159
1898 182
1899 196
1900 192
1901 196
1902 186
1903 191
1904 186
1905 156
1906 166
1907 142
1908 138
1909 111
1910 101
1911 100
1912 103
1913 68
1914 54
1915 54
1916 47
1917 47
1918 48
1919 45
1920 50
1921 47
1922 58
1923 60
1924 64
1925 63
1926 66
1927 71
1928 79
1929 70
1930 79
1931 80
1932 90
1933 88
1934 84
1935 98
1936 105
1937 111
1938 106
1939 110
1940 122
1941 129
1942 135
1943 134
1944 141
1945 147
1946 169
1947 174
1948 169
1949 199
1950 215
1951 224
1952 226
1953 241
1954 265
1955 296
1956 295
1957 312
1958 327
1959 360
1960 366
1961 410
1962 468
1963 534
1964 586
1965 589
1966 561
1967 559
1968 536
1969 534
1970 491
1971 479
1972 412
1973 403
1974 367
1975 255
1976 227
1977 127
1978 134
1979 51
1980 55
1981 50
1982 38
1983 34
1984 38
1985 39
1986 30
1987 35
1988 31
1989 30
1990 34
1991 28
1992 20
1993 22
1994 36
1995 22
1996 26
1997 22
1998 19
1999 23
2000 22
2001 26
2002 16
2003 22
2004 20
2005 20
2006 19
2007 26
2008 27
2009 24
2010 16
2011 20
2012 24
2013 26
2014 24
2015 12
2016 26
2017 18
2018 19
2019 20
2020 28
2021 24
2022 18
2023 24
2024 22
2025 23
2026 28
2027 26
2028 30
2029 24
2030 22
2031 24
2032 19
2033 20
2034 23
2035 18
2036 18
2037 14
2038 20
2039 23
2040 21
2041 20
2042 11
2043 22
2044 19
2045 18
2046 22
2047 21
2048 21
2049 17
2050 15
2051 24
2052 11
2053 19
2054 21
2055 21
2056 18
2057 24
2058 22
2059 19
2060 23
2061 28
2062 28
2063 29
2064 35
2065 25
2066 24
2067 18
2068 22
2069 24
2070 37
2071 26
2072 21
2073 30
2074 34
2075 25
2076 29
2077 30
2078 34
2079 32
2080 29
2081 28
2082 38
2083 35
2084 29
2085 27
2086 30
2087 29
2088 29
2089 29
2090 25
2091 0
2092 23
2093 30
2094 20
2095 27
2096 23
2097 25
2098 25
2099 24
2100 25
2101 14
2102 24
2103 19
2104 24
2105 18
2106 32
2107 34
2108 23
2109 40
2110 27
2111 31
2112 33
2113 30
2114 44
2115 35
2116 9
2117 37
2118 37
2119 37
2120 41
2121 57
2122 49
2123 45
2124 19
2125 43
2126 50
2127 46
2128 51
2129 52
2130 49
2131 30
2132 34
2133 38
2134 37
2135 33
2136 28
2137 32
2138 21
2139 21
2140 35
2141 31
2142 21
2143 37
2144 27
2145 23
2146 29
2147 30
2148 32
2149 29
2150 25
2151 25
2152 22
2153 28
2154 39
2155 36
2156 38
2157 32
2158 30
2159 97
2160 36
2161 37
2162 38
2163 36
2164 29
2165 54
2166 50
2167 37
2168 47
2169 48
2170 52
2171 48
2172 56
2173 55
2174 46
2175 60
2176 62
2177 53
2178 60
2179 61
2180 62
2181 62
2182 72
2183 67
2184 71
2185 84
2186 73
2187 90
2188 81
2189 82
2190 92
2191 75
2192 84
2193 76
2194 75
2195 65
2196 60
2197 46
2198 49
2199 46
2200 43
2201 37
2202 26
2203 37
2204 37
2205 30
2206 31
2207 32
2208 31
2209 34
2210 38
2211 34
2212 30
2213 32
2214 35
2215 32
2216 35
2217 33
2218 38
2219 33
2220 38
2221 38
2222 39
2223 42
2224 42
2225 34
2226 50
2227 41
2228 46
2229 41
2230 52
2231 28
2232 47
2233 64
2234 56
2235 52
2236 56
2237 71
2238 64
2239 73
2240 70
2241 71
2242 76
2243 145
2244 76
2245 89
2246 86
2247 91
2248 88
2249 94
2250 100
2251 110
2252 103
2253 117
2254 125
2255 126
2256 141
2257 147
2258 148
2259 160
2260 161
2261 141
2262 166
2263 142
2264 107
2265 128
2266 126
2267 107
2268 100
2269 61
2270 83
2271 69
2272 46
2273 45
2274 53
2275 39
2276 47
2277 36
2278 35
2279 33
2280 32
2281 31
2282 23
2283 64
2284 38
2285 26
2286 36
2287 32
2288 37
2289 32
2290 36
2291 38
2292 38
2293 39
2294 36
2295 45
2296 41
2297 33
2298 30
2299 40
2300 45
2301 37
2302 48
2303 46
2304 44
2305 39
2306 46
2307 58
2308 53
2309 61
2310 61
2311 56
2312 54
2313 65
2314 63
2315 62
2316 62
2317 63
2318 79
2319 74
2320 82
2321 78
2322 76
2323 71
2324 86
2325 96
2326 97
2327 94
2328 97
2329 101
2330 98
2331 111
2332 106
2333 125
2334 119
2335 152
2336 150
2337 146
2338 170
2339 162
2340 162
2341 163
2342 168
2343 152
2344 143
2345 140
2346 133
2347 118
2348 108
2349 98
2350 78
2351 64
2352 55
2353 45
2354 35
2355 27
2356 25
2357 31
2358 34
2359 21
2360 25
2361 19
2362 30
2363 20
2364 21
2365 29
2366 24
2367 24
2368 23
2369 24
2370 27
2371 23
2372 21
2373 23
2374 14
2375 24
2376 18
2377 28
2378 23
2379 26
2380 24
2381 20
2382 30
2383 26
2384 26
2385 11
2386 26
2387 23
2388 21
2389 36
2390 31
2391 38
2392 23
2393 26
2394 28
2395 26
2396 32
2397 23
2398 24
2399 26
2400 25
2401 35
2402 36
2403 32
2404 32
2405 16
2406 23
2407 24
2408 32
2409 33
2410 32
2411 33
2412 34
2413 37
2414 30
2415 36
2416 35
2417 36
2418 45
2419 42
2420 38
2421 31
2422 45
2423 46
2424 48
2425 50
2426 42
2427 45
2428 47
2429 38
2430 38
2431 39
2432 37
2433 36
2434 28
2435 27
2436 44
2437 34
2438 21
2439 21
2440 24
2441 26
2442 34
2443 31
2444 22
2445 29
2446 33
2447 34
2448 25
2449 31
2450 28
2451 30
2452 29
2453 25
2454 30
2455 36
2456 33
2457 35
2458 102
2459 30
2460 33
2461 31
2462 42
2463 39
2464 29
2465 37
2466 40
2467 52
2468 48
2469 49
2470 48
2471 44
2472 45
2473 63
2474 60
2475 53
2476 63
2477 58
2478 57
2479 69
2480 70
2481 72
2482 82
2483 84
2484 75
2485 81
2486 81
2487 80
2488 76
2489 78
2490 69
2491 63
2492 61
2493 68
2494 56
2495 47
2496 41
2497 40
2498 32
2499 39
2500 28
2501 29
2502 27
2503 22
2504 0
2505 38
2506 31
2507 25
2508 31
2509 23
2510 38
2511 30
2512 35
2513 31
2514 37
2515 29
2516 36
2517 37
2518 37
2519 39
2520 36
2521 24
2522 34
2523 25
2524 44
2525 24
2526 33
2527 37
2528 27
2529 35
2530 37
2531 34
2532 42
2533 42
2534 33
2535 35
2536 48
2537 49
2538 43
2539 43
2540 61
2541 43
2542 53
2543 51
2544 63
2545 61
2546 62
2547 60
2548 54
2549 62
2550 57
2551 58
2552 70
2553 70
2554 78
2555 77
2556 80
2557 93
2558 91
2559 97
2560 88
2561 98
2562 119
2563 115
2564 114
2565 111
2566 108
2567 110
2568 103
2569 117
2570 105
2571 97
2572 109
2573 109
2574 106
2575 98
2576 84
2577 86
2578 82
2579 81
2580 77
2581 76
2582 67
2583 52
2584 63
2585 47
2586 17
2587 42
2588 41
2589 47
2590 41
2591 41
2592 31
2593 27
2594 42
2595 41
2596 37
2597 33
2598 36
2599 35
2600 34
2601 46
2602 41
2603 41
2604 41
2605 39
2606 51
2607 53
2608 57
2609 68
2610 65
2611 80
2612 68
2613 74
2614 71
2615 95
2616 80
2617 77
2618 77
2619 71
2620 67
2621 71
2622 76
2623 59
2624 54
2625 55
2626 60
2627 59
2628 60
2629 65
2630 65
2631 63
2632 76
2633 76
2634 78
2635 79
2636 80
2637 70
2638 82
2639 80
2640 86
2641 86
2642 100
2643 90
2644 89
2645 99
2646 107
2647 103
2648 115
2649 130
2650 126
2651 134
2652 140
2653 139
2654 143
2655 141
2656 134
2657 122
2658 117
2659 120
2660 112
2661 96
2662 91
2663 78
2664 61
2665 59
2666 47
2667 55
2668 40
2669 30
2670 32
2671 27
2672 23
2673 33
2674 28
2675 23
2676 30
2677 30
2678 22
2679 32
2680 33
2681 29
2682 24
2683 28
2684 37
2685 22
2686 28
2687 37
2688 29
2689 35
2690 21
2691 36
2692 28
2693 36
2694 34
2695 24
2696 32
2697 40
2698 32
2699 34
2700 29
2701 21
2702 22
2703 41
2704 36
2705 37
2706 30
2707 33
2708 33
2709 32
2710 45
2711 40
2712 32
2713 38
2714 37
2715 38
2716 34
2717 50
2718 42
2719 37
2720 35
2721 40
2722 51
2723 48
2724 46
2725 51
2726 45
2727 47
2728 54
2729 51
2730 53
2731 47
2732 55
2733 65
2734 59
2735 68
2736 64
2737 53
2738 66
2739 59
2740 66
2741 74
2742 79
2743 82
2744 81
2745 82
2746 71
2747 87
2748 94
2749 101
2750 100
2751 105
2752 105
2753 104
2754 106
2755 114
2756 95
2757 103
2758 109
2759 74
2760 85
2761 83
2762 74
2763 64
2764 42
2765 52
2766 46
2767 49
2768 49
2769 46
2770 40
2771 31
2772 23
2773 23
2774 33
2775 41
2776 40
2777 37
2778 33
2779 25
2780 40
2781 42
2782 38
2783 36
2784 36
2785 42
2786 35
2787 36
2788 42
2789 41
2790 37
2791 41
2792 38
2793 46
2794 61
2795 54
2796 46
2797 54
2798 56
2799 53
2800 51
2801 61
2802 54
2803 62
2804 49
2805 65
2806 68
2807 69
2808 71
2809 78
2810 62
2811 61
2812 61
2813 72
2814 60
2815 71
2816 70
2817 62
2818 76
2819 91
2820 131
2821 150
2822 182
2823 173
2824 195
2825 204
2826 216
2827 217
2828 222
2829 221
2830 229
2831 199
2832 187
2833 151
2834 121
2835 94
2836 91
2837 86
2838 63
2839 55
2840 41
2841 42
2842 38
2843 28
2844 41
2845 39
2846 38
2847 37
2848 21
2849 28
2850 32
2851 41
2852 33
2853 40
2854 37
2855 40
2856 38
2857 40
2858 48
2859 46
2860 41
2861 42
2862 45
2863 48
2864 45
2865 42
2866 13
2867 43
2868 52
2869 42
2870 51
2871 57
2872 54
2873 56
2874 48
2875 51
2876 65
2877 54
2878 58
2879 53
2880 60
2881 58
2882 72
2883 80
2884 73
2885 74
2886 76
2887 72
2888 74
2889 78
2890 79
2891 69
2892 67
2893 49
2894 54
2895 55
2896 56
2897 50
2898 43
2899 27
2900 30
2901 34
2902 23
2903 38
2904 31
2905 25
2906 21
2907 25
2908 37
2909 32
2910 32
2911 30
2912 21
2913 37
2914 28
2915 21
2916 34
2917 28
2918 39
2919 23
2920 21
2921 26
2922 31
2923 33
2924 30
2925 22
2926 26
2927 26
2928 34
2929 30
2930 31
2931 29
2932 32
2933 32
2934 33
2935 31
2936 24
2937 32
2938 27
2939 20
2940 35
2941 37
2942 27
2943 28
2944 35
2945 34
2946 40
2947 36
2948 33
2949 39
2950 40
2951 38
2952 38
2953 35
2954 31
2955 45
2956 49
2957 52
2958 44
2959 48
2960 46
2961 36
2962 46
2963 45
2964 45
2965 60
2966 49
2967 52
2968 50
2969 46
2970 55
2971 50
2972 64
2973 62
2974 58
2975 58
2976 56
2977 58
2978 61
2979 68
2980 74
2981 71
2982 69
2983 86
2984 78
2985 85
2986 73
2987 79
2988 66
2989 52
2990 63
2991 60
2992 54
2993 45
2994 49
2995 39
2996 35
2997 29
2998 32
2999 27
3000 28
3001 22
3002 26
3003 25
3004 31
3005 34
3006 26
3007 36
3008 20
3009 6
3010 26
3011 26
3012 31
3013 24
3014 29
3015 18
3016 23
3017 39
3018 27
3019 29
3020 35
3021 22
3022 29
3023 29
3024 24
3025 27
3026 26
3027 26
3028 26
3029 24
3030 36
3031 32
3032 30
3033 30
3034 23
3035 27
3036 33
3037 32
3038 32
3039 34
3040 25
3041 23
3042 38
3043 32
3044 34
3045 33
3046 31
3047 29
3048 26
3049 36
3050 23
3051 32
3052 41
3053 34
3054 32
3055 41
3056 38
3057 30
3058 35
3059 29
3060 30
3061 42
3062 36
3063 43
3064 34
3065 38
3066 33
3067 37
3068 48
3069 44
3070 46
3071 39
3072 31
3073 38
3074 48
3075 46
3076 40
3077 44
3078 47
3079 29
3080 49
3081 41
3082 42
3083 55
3084 55
3085 53
3086 57
3087 46
3088 47
3089 55
3090 61
3091 61
3092 56
3093 64
3094 72
3095 67
3096 72
3097 63
3098 54
3099 62
3100 63
3101 57
3102 54
3103 50
3104 38
3105 34
3106 37
3107 38
3108 49
3109 33
3110 34
3111 34
3112 26
3113 28
3114 27
3115 30
3116 27
3117 25
3118 28
3119 25
3120 29
3121 23
3122 27
3123 21
3124 24
3125 34
3126 26
3127 27
3128 24
3129 26
3130 21
3131 25
3132 22
3133 18
3134 33
3135 35
3136 21
3137 36
3138 24
3139 28
3140 26
3141 29
3142 26
3143 22
3144 28
3145 33
3146 30
3147 28
3148 36
3149 22
3150 29
3151 29
3152 23
3153 27
3154 27
3155 27
3156 29
3157 39
3158 32
3159 36
3160 35
3161 29
3162 36
3163 36
3164 35
3165 40
3166 36
3167 38
3168 36
3169 36
3170 34
3171 34
3172 38
3173 44
3174 40
3175 40
3176 38
3177 42
3178 41
3179 35
3180 44
3181 35
3182 41
3183 46
3184 49
3185 41
3186 56
3187 41
3188 52
3189 45
3190 55
3191 59
3192 54
3193 54
3194 53
3195 56
3196 56
3197 67
3198 63
3199 40
3200 69
3201 55
3202 82
3203 86
3204 90
3205 100
3206 96
3207 202
3208 369
3209 565
3210 732
3211 862
3212 981
3213 1069
3214 1159
3215 1222
3216 1260
3217 1341
3218 1285
3219 1261
3220 1196
3221 1053
3222 1053
3223 915
3224 756
3225 641
3226 528
3227 341
3228 341
3229 182
3230 102
3231 106
3232 80
3233 74
3234 69
3235 73
3236 77
3237 77
3238 72
3239 63
3240 65
3241 76
3242 65
3243 69
3244 63
3245 49
3246 42
3247 43
3248 42
3249 47
3250 43
3251 41
3252 45
3253 69
3254 82
3255 83
3256 87
3257 107
3258 117
3259 135
3260 134
3261 138
3262 149
3263 147
3264 140
3265 130
3266 142
3267 137
3268 89
3269 78
3270 79
3271 68
3272 60
3273 39
3274 44
3275 35
3276 34
3277 21
3278 30
3279 42
3280 30
3281 27
3282 23
3283 28
3284 28
3285 37
3286 34
3287 32
3288 33
3289 22
3290 34
3291 19
3292 31
3293 36
3294 34
3295 32
3296 29
3297 33
3298 34
3299 34
3300 33
3301 34
3302 38
3303 24
3304 22
3305 34
3306 21
3307 36
3308 27
3309 32
3310 34
3311 36
3312 42
3313 35
3314 38
3315 34
3316 32
3317 31
3318 41
3319 38
3320 39
3321 43
3322 30
3323 37
3324 42
3325 36
3326 41
3327 41
3328 29
3329 35
3330 41
3331 35
3332 46
3333 45
3334 43
3335 21
3336 45
3337 41
3338 52
3339 41
3340 39
3341 30
3342 36
3343 38
3344 38
3345 35
3346 24
3347 26
3348 24
3349 29
3350 33
3351 27
3352 26
3353 26
3354 29
3355 25
3356 22
3357 24
3358 27
3359 19
3360 32
3361 23
3362 30
3363 31
3364 21
3365 22
3366 22
3367 22
3368 23
3369 27
3370 29
3371 25
3372 24
3373 26
3374 22
3375 29
3376 25
3377 25
3378 21
3379 30
3380 25
3381 26
3382 16
3383 26
3384 24
3385 32
3386 26
3387 28
3388 27
3389 25
3390 23
3391 28
3392 20
3393 16
3394 29
3395 22
3396 25
3397 31
3398 17
3399 22
3400 36
3401 27
3402 27
3403 24
3404 24
3405 15
3406 27
3407 32
3408 28
3409 26
3410 22
3411 24
3412 21
3413 33
3414 30
3415 29
3416 22
3417 15
3418 25
3419 24
3420 11
3421 24
3422 27
3423 25
3424 21
3425 29
3426 19
3427 33
3428 32
3429 34
3430 37
3431 28
3432 29
3433 32
3434 34
3435 36
3436 33
3437 32
3438 21
3439 32
3440 26
3441 33
3442 36
3443 22
3444 29
3445 31
3446 35
3447 31
3448 38
3449 41
3450 38
3451 38
3452 41
3453 39
3454 39
3455 36
3456 33
3457 40
3458 45
3459 46
3460 40
3461 31
3462 42
3463 27
3464 33
3465 29
3466 30
3467 29
3468 30
3469 19
3470 24
3471 34
3472 24
3473 24
3474 27
3475 25
3476 29
3477 30
3478 19
3479 21
3480 23
3481 24
3482 22
3483 21
3484 22
3485 9
3486 29
3487 27
3488 20
3489 29
3490 21
3491 27
3492 28
3493 28
3494 25
3495 22
3496 22
3497 20
3498 29
3499 24
3500 20
3501 14
3502 18
3503 26
3504 20
3505 15
3506 19
3507 18
3508 22
3509 22
3510 21
3511 19
3512 24
3513 26
3514 19
3515 21
3516 23
3517 29
3518 22
3519 24
3520 16
3521 18
3522 28
3523 29
3524 27
3525 19
3526 21
3527 23
3528 20
3529 22
3530 25
3531 22
3532 25
3533 17
3534 26
3535 24
3536 27
3537 22
3538 26
3539 26
3540 26
3541 32
3542 20
3543 17
3544 18
3545 20
3546 22
3547 24
3548 28
3549 28
3550 26
3551 25
3552 22
3553 21
3554 26
3555 32
3556 23
3557 26
3558 26
3559 32
3560 15
3561 35
3562 26
3563 28
3564 22
3565 24
3566 22
3567 29
3568 23
3569 31
3570 31
3571 28
3572 30
3573 28
3574 25
3575 27
3576 26
3577 30
3578 23
3579 19
3580 30
3581 36
3582 32
3583 36
3584 32
3585 32
3586 22
3587 29
3588 26
3589 33
3590 29
3591 27
3592 40
3593 38
3594 36
3595 36
3596 28
3597 28
3598 33
3599 46
3600 32
3601 37
3602 32
3603 13
3604 24
3605 31
3606 32
3607 29
3608 26
3609 13
3610 22
3611 18
3612 24
3613 25
3614 26
3615 20
3616 18
3617 15
3618 28
3619 21
3620 22
3621 22
3622 16
3623 20
3624 22
3625 25
3626 21
3627 42
3628 22
3629 22
3630 14
3631 22
3632 25
3633 21
3634 22
3635 23
3636 11
3637 25
3638 21
3639 24
3640 22
3641 20
3642 19
3643 24
3644 26
3645 21
3646 23
3647 22
3648 24
3649 26
3650 20
3651 0
3652 18
3653 22
3654 18
3655 22
3656 17
3657 28
3658 23
3659 23
3660 23
3661 22
3662 21
3663 29
3664 26
3665 25
3666 23
3667 26
3668 23
3669 26
3670 30
3671 21
3672 27
3673 24
3674 20
3675 24
3676 25
3677 22
3678 27
3679 30
3680 30
3681 15
3682 30
3683 31
3684 27
3685 22
3686 30
3687 36
3688 33
3689 29
3690 34
3691 37
3692 23
3693 25
3694 23
3695 36
3696 34
3697 35
3698 26
3699 21
3700 21
3701 28
3702 27
3703 9
3704 28
3705 33
3706 32
3707 21
3708 39
3709 37
3710 32
3711 30
3712 37
3713 39
3714 39
3715 105
3716 33
3717 32
3718 34
3719 35
3720 30
3721 32
3722 41
3723 27
3724 29
3725 35
3726 34
3727 38
3728 40
3729 21
3730 27
3731 23
3732 27
3733 30
3734 29
3735 33
3736 26
3737 26
3738 23
3739 20
3740 33
3741 18
3742 30
3743 33
3744 32
3745 30
3746 33
3747 29
3748 32
3749 26
3750 33
3751 21
3752 28
3753 34
3754 32
3755 32
3756 31
3757 25
3758 22
3759 31
3760 22
3761 8
3762 27
3763 33
3764 29
3765 28
3766 23
3767 25
3768 25
3769 30
3770 21
3771 21
3772 27
3773 28
3774 30
3775 22
3776 45
3777 22
3778 91
3779 32
3780 31
3781 25
3782 25
3783 13
3784 28
3785 21
3786 30
3787 30
3788 32
3789 25
3790 19
3791 27
3792 28
3793 35
3794 31
3795 26
3796 31
3797 36
3798 24
3799 32
3800 34
3801 30
3802 20
3803 21
3804 37
3805 32
3806 27
3807 30
3808 29
3809 28
3810 29
3811 33
3812 32
3813 32
3814 30
3815 36
3816 28
3817 38
3818 35
3819 32
3820 29
3821 22
3822 35
3823 32
3824 29
3825 30
3826 37
3827 23
3828 30
3829 42
3830 36
3831 33
3832 38
3833 38
3834 33
3835 30
3836 44
3837 40
3838 33
3839 35
3840 38
3841 39
3842 45
3843 45
3844 34
3845 5
3846 31
3847 25
3848 35
3849 41
3850 37
3851 29
3852 30
3853 0
3854 25
3855 33
3856 33
3857 29
3858 29
3859 32
3860 25
3861 32
3862 30
3863 29
3864 29
3865 36
3866 93
3867 24
3868 31
3869 35
3870 34
3871 13
3872 29
3873 19
3874 33
3875 42
3876 29
3877 35
3878 29
3879 30
3880 39
3881 38
3882 36
3883 27
3884 34
3885 35
3886 34
3887 24
3888 30
3889 39
3890 37
3891 33
3892 29
3893 38
3894 36
3895 36
3896 40
3897 37
3898 30
3899 32
3900 38
3901 36
3902 36
3903 42
3904 39
3905 39
3906 44
3907 39
3908 35
3909 38
3910 31
3911 46
3912 36
3913 50
3914 45
3915 37
3916 37
3917 38
3918 46
3919 43
3920 40
3921 46
3922 47
3923 41
3924 36
3925 45
3926 32
3927 46
3928 53
3929 51
3930 46
3931 40
3932 50
3933 49
3934 42
3935 51
3936 41
3937 45
3938 56
3939 41
3940 47
3941 57
3942 51
3943 39
3944 42
3945 52
3946 58
3947 48
3948 54
3949 44
3950 51
3951 58
3952 43
3953 49
3954 55
3955 49
3956 68
3957 58
3958 61
3959 51
3960 58
3961 53
3962 45
3963 60
3964 44
3965 61
3966 69
3967 68
3968 63
3969 65
3970 78
3971 77
3972 66
3973 75
3974 67
3975 77
3976 76
3977 82
3978 77
3979 81
3980 83
3981 82
3982 82
3983 94
3984 88
3985 83
3986 76
3987 89
3988 86
3989 90
3990 96
3991 89
3992 99
3993 90
3994 98
3995 90
3996 106
3997 54
3998 82
3999 109
4000 110
4001 98
4002 104
4003 102
4004 102
4005 97
4006 110
4007 107
4008 115
4009 110
4010 112
4011 104
4012 120
4013 119
4014 127
4015 120
4016 126
4017 124
4018 122
4019 121
4020 120
4021 138
4022 141
4023 126
4024 144
4025 152
4026 150
4027 154
4028 152
4029 160
4030 158
4031 140
4032 162
4033 162
4034 170
4035 167
4036 183
4037 182
4038 189
4039 183
4040 187
4041 204
4042 207
4043 206
4044 210
4045 211
4046 235
4047 231
4048 240
4049 240
4050 203
4051 220
4052 238
4053 247
4054 248
4055 268
4056 258
4057 279
4058 295
4059 319
4060 308
4061 312
4062 337
4063 381
4064 440
4065 554
4066 957
4067 2227
4068 2576
4069 2575
4070 2573
4071 2586
4072 1189
4073 1186
4074 404
4075 475
4076 448
4077 446
4078 454
4079 527
4080 632
4081 630
4082 1963
4083 2584
4084 2585
4085 2577
4086 1049
4087 424
4088 373
4089 346
4090 324
4091 319
4092 305
4093 282
4094 245
4095 248
4096 253
4097 247
4098 252
4099 251
4100 235
4101 146
4102 218
4103 200
4104 198
4105 194
4106 199
4107 185
4108 173
4109 201
4110 186
4111 186
4112 175
4113 171
4114 168
4115 172
4116 175
4117 163
4118 166
4119 148
4120 141
4121 141
4122 143
4123 139
4124 132
4125 137
4126 119
4127 135
4128 131
4129 139
4130 126
4131 125
4132 134
4133 131
4134 110
4135 122
4136 123
4137 118
4138 121
4139 108
4140 115
4141 113
4142 109
4143 112
4144 93
4145 101
4146 106
4147 105
4148 124
4149 107
4150 107
4151 105
4152 98
4153 95
4154 107
4155 115
4156 98
4157 99
4158 95
4159 100
4160 99
4161 108
4162 106
4163 89
4164 90
4165 33
4166 84
4167 86
4168 90
4169 91
4170 93
4171 75
4172 80
4173 86
4174 89
4175 86
4176 83
4177 80
4178 78
4179 79
4180 84
4181 93
4182 87
4183 88
4184 80
4185 93
4186 90
4187 87
4188 83
4189 96
4190 96
4191 90
4192 93
4193 85
4194 87
4195 81
4196 78
4197 68
4198 90
4199 73
4200 80
4201 76
4202 70
4203 65
4204 71
4205 79
4206 68
4207 69
4208 69
4209 66
4210 59
4211 61
4212 60
4213 61
4214 67
4215 65
4216 60
4217 57
4218 67
4219 54
4220 58
4221 59
4222 67
4223 52
4224 69
4225 76
4226 61
4227 64
4228 67
4229 55
4230 62
4231 60
4232 65
4233 68
4234 56
4235 53
4236 55
4237 60
4238 60
4239 65
4240 57
4241 55
4242 58
4243 64
4244 72
4245 68
4246 66
4247 72
4248 60
4249 15
4250 41
4251 55
4252 78
4253 73
4254 61
4255 59
4256 58
4257 55
4258 62
4259 65
4260 66
4261 45
4262 41
4263 52
4264 65
4265 34
4266 55
4267 51
4268 49
4269 54
4270 59
4271 56
4272 51
4273 54
4274 40
4275 48
4276 59
4277 48
4278 52
4279 52
4280 44
4281 42
4282 49
4283 49
4284 35
4285 47
4286 37
4287 42
4288 52
4289 47
4290 50
4291 48
4292 38
4293 45
4294 48
4295 52
4296 57
4297 50
4298 54
4299 45
4300 44
4301 48
4302 58
4303 51
4304 53
4305 52
4306 48
4307 40
4308 42
4309 52
4310 48
4311 48
4312 31
4313 45
4314 47
4315 49
4316 48
4317 39
4318 48
4319 51
4320 58
4321 45
4322 37
4323 48
4324 49
4325 46
4326 50
4327 67
4328 54
4329 38
4330 56
4331 52
4332 44
4333 59
4334 62
4335 60
4336 43
4337 42
4338 44
4339 39
4340 47
4341 41
4342 48
4343 50
4344 41
4345 36
4346 39
4347 45
4348 46
4349 41
4350 33
4351 51
4352 52
4353 41
4354 49
4355 39
4356 38
4357 38
4358 42
4359 47
4360 47
4361 46
4362 53
4363 0
4364 42
4365 37
4366 39
4367 42
4368 42
4369 39
4370 37
4371 33
4372 39
4373 40
4374 41
4375 40
4376 35
4377 29
4378 41
4379 46
4380 37
4381 39
4382 33
4383 37
4384 36
4385 53
4386 49
4387 33
4388 38
4389 32
4390 45
4391 42
4392 33
4393 28
4394 32
4395 36
4396 42
4397 50
4398 41
4399 45
4400 33
4401 40
4402 37
4403 34
4404 46
4405 45
4406 43
4407 40
4408 36
4409 34
4410 47
4411 50
4412 53
4413 48
4414 51
4415 48
4416 41
4417 47
4418 44
4419 35
4420 47
4421 33
4422 36
4423 39
4424 36
4425 25
4426 39
4427 36
4428 44
4429 43
4430 46
4431 42
4432 44
4433 37
4434 27
4435 35
4436 38
4437 41
4438 35
4439 32
4440 40
4441 40
4442 44
4443 35
4444 36
4445 41
4446 32
4447 32
4448 43
4449 35
4450 37
4451 25
4452 19
4453 31
4454 39
4455 37
4456 45
4457 0
4458 36
4459 29
4460 31
4461 39
4462 32
4463 43
4464 37
4465 34
4466 29
4467 21
4468 37
4469 46
4470 33
4471 34
4472 27
4473 35
4474 40
4475 33
4476 32
4477 31
4478 27
4479 27
4480 34
4481 50
4482 39
4483 44
4484 39
4485 36
4486 37
4487 43
4488 41
4489 43
4490 33
4491 31
4492 31
4493 31
4494 41
4495 43
4496 35
4497 37
4498 37
4499 32
4500 42
4501 38
4502 38
4503 34
4504 27
4505 34
4506 21
4507 48
4508 33
4509 37
4510 21
4511 36
4512 35
4513 46
4514 35
4515 44
4516 37
4517 7
4518 35
4519 37
4520 42
4521 33
4522 36
4523 27
4524 40
4525 30
4526 37
4527 37
4528 30
4529 39
4530 33
4531 30
4532 43
4533 39
4534 30
4535 49
4536 31
4537 34
4538 45
4539 22
4540 42
4541 42
4542 31
4543 42
4544 38
4545 43
4546 43
4547 39
4548 34
4549 0
4550 33
4551 36
4552 36
4553 35
4554 37
4555 35
4556 27
4557 40
4558 34
4559 40
4560 41
4561 38
4562 36
4563 35
4564 39
4565 33
4566 42
4567 39
4568 33
4569 34
4570 39
4571 42
4572 36
4573 35
4574 35
4575 36
4576 39
4577 46
4578 37
4579 42
4580 40
4581 33
4582 33
4583 43
4584 42
4585 31
4586 37
4587 29
4588 37
4589 41
4590 39
4591 44
4592 46
4593 43
4594 40
4595 48
4596 48
4597 43
4598 43
4599 46
4600 33
4601 40
4602 51
4603 47
4604 44
4605 46
4606 0
4607 37
4608 30
4609 39
4610 45
4611 31
4612 44
4613 34
4614 35
4615 51
4616 47
4617 38
4618 43
4619 21
4620 34
4621 49
4622 44
4623 51
4624 51
4625 43
4626 35
4627 41
4628 51
4629 41
4630 43
4631 48
4632 39
4633 30
4634 42
4635 42
4636 34
4637 32
4638 39
4639 27
4640 41
4641 28
4642 32
4643 36
4644 33
4645 24
4646 32
4647 33
4648 37
4649 36
4650 35
4651 22
4652 38
4653 39
4654 38
4655 33
4656 30
4657 0
4658 38
4659 32
4660 39
4661 37
4662 39
4663 40
4664 21
4665 36
4666 42
4667 32
4668 33
4669 34
4670 27
4671 31
4672 33
4673 30
4674 31
4675 33
4676 28
4677 26
4678 29
4679 36
4680 38
4681 32
4682 27
4683 36
4684 30
4685 37
4686 33
4687 26
4688 37
4689 28
4690 27
4691 35
4692 27
4693 36
4694 23
4695 27
4696 19
4697 34
4698 44
4699 36
4700 40
4701 30
4702 22
4703 32
4704 27
4705 44
4706 29
4707 41
4708 35
4709 26
4710 42
4711 32
4712 36
4713 35
4714 34
4715 24
4716 23
4717 34
4718 29
4719 22
4720 29
4721 28
4722 27
4723 31
4724 27
4725 38
4726 28
4727 28
4728 17
4729 35
4730 39
4731 36
4732 34
4733 34
4734 28
4735 28
4736 27
4737 40
4738 38
4739 29
4740 36
4741 32
4742 31
4743 43
4744 34
4745 28
4746 35
4747 33
4748 27
4749 30
4750 36
4751 39
4752 36
4753 27
4754 23
4755 25
4756 42
4757 32
4758 36
4759 23
4760 35
4761 35
4762 30
4763 28
4764 33
4765 33
4766 25
4767 20
4768 30
4769 34
4770 38
4771 36
4772 33
4773 33
4774 28
4775 33
4776 37
4777 33
4778 29
4779 31
4780 24
4781 23
4782 26
4783 0
4784 32
4785 33
4786 29
4787 27
4788 37
4789 36
4790 35
4791 32
4792 36
4793 17
4794 33
4795 25
4796 39
4797 34
4798 30
4799 28
4800 37
4801 36
4802 36
4803 27
4804 32
4805 33
4806 23
4807 28
4808 33
4809 28
4810 32
4811 38
4812 32
4813 33
4814 24
4815 34
4816 11
4817 33
4818 27
4819 28
4820 27
4821 28
4822 23
4823 19
4824 27
4825 25
4826 32
4827 31
4828 32
4829 28
4830 31
4831 28
4832 35
4833 28
4834 27
4835 28
4836 27
4837 30
4838 25
4839 31
4840 32
4841 28
4842 29
4843 26
4844 35
4845 39
4846 42
4847 40
4848 40
4849 41
4850 41
4851 36
4852 46
4853 47
4854 49
4855 46
4856 35
4857 38
4858 36
4859 35
4860 36
4861 32
4862 19
4863 20
4864 25
4865 11
4866 36
4867 32
4868 28
4869 32
4870 32
4871 41
4872 28
4873 29
4874 35
4875 36
4876 30
4877 25
4878 34
4879 29
4880 20
4881 27
4882 23
4883 27
4884 32
4885 41
4886 32
4887 34
4888 25
4889 25
4890 33
4891 34
4892 31
4893 36
4894 27
4895 22
4896 32
4897 35
4898 34
4899 30
4900 32
4901 22
4902 36
4903 31
4904 32
4905 34
4906 36
4907 31
4908 17
4909 21
4910 35
4911 31
4912 29
4913 28
4914 28
4915 28
4916 29
4917 45
4918 35
4919 35
4920 30
4921 27
4922 35
4923 28
4924 35
4925 28
4926 27
4927 15
4928 40
4929 29
4930 33
4931 37
4932 29
4933 28
4934 27
4935 36
4936 27
4937 27
4938 34
4939 31
4940 33
4941 30
4942 43
4943 40
4944 36
4945 35
4946 36
4947 33
4948 31
4949 27
4950 44
4951 32
4952 34
4953 35
4954 41
4955 35
4956 36
4957 32
4958 35
4959 40
4960 32
4961 41
4962 44
4963 26
4964 33
4965 36
4966 31
4967 28
4968 35
4969 35
4970 40
4971 33
4972 24
4973 31
4974 31
4975 39
4976 38
4977 21
4978 40
4979 31
4980 39
4981 32
4982 32
4983 42
4984 27
4985 26
4986 25
4987 40
4988 28
4989 41
4990 35
4991 36
4992 25
4993 22
4994 32
4995 35
4996 40
4997 29
4998 29
4999 36
5000 38
5001 35
5002 37
5003 35
5004 35
5005 32
5006 38
5007 33
5008 19
5009 36
5010 27
5011 29
5012 34
5013 39
5014 29
5015 42
5016 17
5017 36
5018 42
5019 48
5020 39
5021 35
5022 37
5023 37
5024 53
5025 48
5026 43
5027 45
5028 36
5029 0
5030 28
5031 35
5032 53
5033 37
5034 38
5035 26
5036 31
5037 42
5038 25
5039 25
5040 35
5041 28
5042 27
5043 29
5044 43
5045 34
5046 34
5047 30
5048 31
5049 33
5050 39
5051 40
5052 41
5053 36
5054 30
5055 36
5056 40
5057 30
5058 32
5059 35
5060 31
5061 20
5062 35
5063 42
5064 37
5065 31
5066 36
5067 28
5068 28
5069 31
5070 44
5071 35
5072 30
5073 35
5074 27
5075 28
5076 31
5077 35
5078 34
5079 44
5080 44
5081 35
5082 26
5083 27
5084 26
5085 30
5086 35
5087 28
5088 31
5089 36
5090 29
5091 32
5092 26
5093 29
5094 27
5095 36
5096 33
5097 29
5098 35
5099 28
5100 36
5101 32
5102 44
5103 36
5104 28
5105 36
5106 27
5107 28
5108 43
5109 40
5110 36
5111 38
5112 26
5113 29
5114 29
5115 27
5116 35
5117 38
5118 36
5119 28
5120 25
5121 42
5122 30
5123 29
5124 37
5125 29
5126 34
5127 36
5128 36
5129 37
5130 35
5131 32
5132 34
5133 44
5134 40
5135 30
5136 37
5137 34
5138 39
5139 47
5140 42
5141 35
5142 38
5143 38
5144 39
5145 26
5146 39
5147 27
5148 36
5149 39
5150 36
5151 31
5152 43
5153 37
5154 40
5155 39
5156 38
5157 30
5158 36
5159 40
5160 39
5161 34
5162 42
5163 33
5164 40
5165 43
5166 35
5167 42
5168 40
5169 43
5170 41
5171 29
5172 33
5173 36
5174 36
5175 38
5176 31
5177 33
5178 31
5179 34
5180 40
5181 47
5182 29
5183 31
5184 27
5185 35
5186 40
5187 40
5188 29
5189 50
5190 37
5191 35
5192 36
5193 42
5194 38
5195 8
5196 43
5197 43
5198 0
5199 40
5200 38
5201 43
5202 35
5203 31
5204 39
5205 33
5206 35
5207 37
5208 33
5209 35
5210 21
5211 37
5212 42
5213 37
5214 25
5215 31
5216 44
5217 46
5218 36
5219 38
5220 35
5221 30
5222 43
5223 55
5224 52
5225 38
5226 36
5227 37
5228 41
5229 30
5230 37
5231 36
5232 40
5233 37
5234 34
5235 33
5236 41
5237 27
5238 40
5239 39
5240 35
5241 28
5242 40
5243 36
5244 35
5245 38
5246 28
5247 24
5248 30
5249 44
5250 40
5251 37
5252 35
5253 32
5254 36
5255 37
5256 19
5257 38
5258 35
5259 19
5260 32
5261 39
5262 36
5263 35
5264 32
5265 34
5266 34
5267 35
5268 33
5269 35
5270 33
5271 30
5272 29
5273 36
5274 41
5275 36
5276 30
5277 27
5278 35
5279 35
5280 40
5281 37
5282 40
5283 33
5284 28
5285 38
5286 37
5287 44
5288 44
5289 33
5290 44
5291 29
5292 26
5293 35
5294 40
5295 42
5296 42
5297 43
5298 42
5299 36
5300 44
5301 35
5302 44
5303 44
5304 44
5305 33
5306 48
5307 43
5308 40
5309 33
5310 38
5311 38
5312 46
5313 33
5314 32
5315 37
5316 39
5317 43
5318 44
5319 32
5320 40
5321 33
5322 27
5323 32
5324 38
5325 39
5326 37
5327 38
5328 35
5329 31
5330 33
5331 36
5332 33
5333 44
5334 44
5335 30
5336 26
5337 33
5338 39
5339 40
5340 39
5341 27
5342 30
5343 31
5344 40
5345 36
5346 47
5347 45
5348 40
5349 43
5350 35
5351 32
5352 40
5353 49
5354 36
5355 32
5356 34
5357 40
5358 44
5359 33
5360 37
5361 41
5362 38
5363 35
5364 46
5365 39
5366 40
5367 31
5368 32
5369 51
5370 46
5371 34
5372 38
5373 31
5374 44
5375 38
5376 47
5377 43
5378 43
5379 36
5380 0
5381 34
5382 28
5383 37
5384 23
5385 38
5386 40
5387 26
5388 23
5389 39
5390 40
5391 41
5392 39
5393 33
5394 36
5395 47
5396 51
5397 46
5398 5
5399 44
5400 41
5401 43
5402 51
5403 47
5404 48
5405 47
5406 48
5407 31
5408 40
5409 42
5410 38
5411 39
5412 44
5413 34
5414 36
5415 54
5416 37
5417 37
5418 37
5419 48
5420 42
5421 39
5422 49
5423 48
5424 49
5425 42
5426 30
5427 38
5428 41
5429 54
5430 43
5431 38
5432 28
5433 36
5434 48
5435 45
5436 43
5437 44
5438 40
5439 44
5440 46
5441 49
5442 40
5443 52
5444 51
5445 44
5446 52
5447 64
5448 63
5449 53
5450 56
5451 45
5452 47
5453 57
5454 53
5455 54
5456 48
5457 47
5458 44
5459 39
5460 41
5461 48
5462 45
5463 54
5464 52
5465 60
5466 54
5467 56
5468 58
5469 59
5470 68
5471 62
5472 58
5473 46
5474 57
5475 49
5476 53
5477 47
5478 53
5479 44
5480 64
5481 53
5482 51
5483 51
5484 42
5485 48
5486 48
5487 48
5488 46
5489 45
5490 44
5491 44
5492 41
5493 41
5494 35
5495 44
5496 51
5497 37
5498 54
5499 44
5500 36
5501 48
5502 38
5503 39
5504 55
5505 56
5506 45
5507 45
5508 43
5509 52
5510 54
5511 51
5512 70
5513 64
5514 59
5515 70
5516 63
5517 80
5518 76
5519 73
5520 76
5521 67
5522 84
5523 65
5524 70
5525 78
5526 79
5527 84
5528 70
5529 71
5530 77
5531 78
5532 62
5533 68
5534 67
5535 62
5536 73
5537 65
5538 67
5539 62
5540 55
5541 56
5542 65
5543 72
5544 47
5545 49
5546 48
5547 52
5548 45
5549 44
5550 47
5551 45
5552 43
5553 48
5554 39
5555 38
5556 62
5557 55
5558 55
5559 56
5560 54
5561 63
5562 66
5563 66
5564 75
5565 83
5566 77
5567 71
5568 76
5569 78
5570 85
5571 85
5572 66
5573 66
5574 68
5575 72
5576 70
5577 75
5578 46
5579 59
5580 61
5581 64
5582 61
5583 62
5584 61
5585 64
5586 60
5587 61
5588 52
5589 60
5590 64
5591 67
5592 58
5593 65
5594 71
5595 67
5596 72
5597 83
5598 57
5599 84
5600 81
5601 75
5602 70
5603 69
5604 67
5605 30
5606 68
5607 77
5608 29
5609 77
5610 69
5611 65
5612 82
5613 91
5614 70
5615 74
5616 68
5617 76
5618 75
5619 70
5620 75
5621 75
5622 70
5623 79
5624 67
5625 81
5626 76
5627 84
5628 87
5629 87
5630 73
5631 72
5632 83
5633 83
5634 79
5635 78
5636 60
5637 63
5638 65
5639 81
5640 75
5641 72
5642 69
5643 73
5644 79
5645 69
5646 64
5647 70
5648 75
5649 72
5650 70
5651 89
5652 113
5653 118
5654 115
5655 120
5656 120
5657 136
5658 139
5659 147
5660 144
5661 134
5662 130
5663 136
5664 131
5665 137
5666 101
5667 98
5668 96
5669 93
5670 83
5671 90
5672 90
5673 85
5674 84
5675 80
5676 76
5677 68
5678 70
5679 69
5680 57
5681 61
5682 58
5683 55
5684 72
5685 65
5686 69
5687 62
5688 56
5689 60
5690 83
5691 88
5692 80
5693 93
5694 98
5695 90
5696 96
5697 97
5698 79
5699 77
5700 84
5701 73
5702 85
5703 88
5704 77
5705 64
5706 61
5707 54
5708 56
5709 61
5710 55
5711 69
5712 51
5713 55
5714 51
5715 60
5716 72
5717 57
5718 57
5719 69
5720 61
5721 63
5722 76
5723 72
5724 80
5725 64
5726 60
5727 60
5728 60
5729 58
5730 54
5731 51
5732 56
5733 41
5734 46
5735 66
5736 60
5737 64
5738 56
5739 64
5740 61
5741 67
5742 69
5743 64
5744 63
5745 67
5746 49
5747 53
5748 69
5749 63
5750 74
5751 76
5752 77
5753 66
5754 71
5755 75
5756 73
5757 71
5758 64
5759 71
5760 71
5761 65
5762 63
5763 61
5764 67
5765 55
5766 62
5767 70
5768 72
5769 70
5770 59
5771 57
5772 77
5773 99
5774 97
5775 91
5776 96
5777 92
5778 89
5779 96
5780 119
5781 115
5782 121
5783 119
5784 117
5785 94
5786 91
5787 109
5788 103
5789 95
5790 82
5791 87
5792 91
5793 75
5794 80
5795 70
5796 58
5797 44
5798 60
5799 62
5800 62
5801 60
5802 56
5803 60
5804 67
5805 69
5806 68
5807 59
5808 50
5809 65
5810 60
5811 60
5812 57
5813 52
5814 53
5815 51
5816 55
5817 63
5818 57
5819 66
5820 55
5821 49
5822 52
5823 56
5824 66
5825 60
5826 63
5827 67
5828 70
5829 77
5830 71
5831 86
5832 88
5833 72
5834 77
5835 77
5836 71
5837 72
5838 75
5839 68
5840 73
5841 69
5842 68
5843 68
5844 60
5845 64
5846 59
5847 56
5848 56
5849 58
5850 63
5851 78
5852 75
5853 75
5854 78
5855 83
5856 88
5857 83
5858 82
5859 87
5860 71
5861 84
5862 88
5863 89
5864 87
5865 93
5866 86
5867 96
5868 77
5869 77
5870 88
5871 89
5872 91
5873 75
5874 73
5875 83
5876 78
5877 65
5878 70
5879 68
5880 66
5881 57
5882 73
5883 78
5884 72
5885 68
5886 69
5887 76
5888 75
5889 70
5890 76
5891 67
5892 64
5893 60
5894 51
5895 68
5896 65
5897 52
5898 59
5899 62
5900 66
5901 62
5902 68
5903 72
5904 66
5905 70
5906 61
5907 71
5908 78
5909 82
5910 64
5911 66
5912 71
5913 76
5914 65
5915 64
5916 64
5917 73
5918 77
5919 83
5920 99
5921 88
5922 85
5923 77
5924 86
5925 76
5926 92
5927 93
5928 100
5929 99
5930 103
5931 83
5932 84
5933 93
5934 89
5935 89
5936 90
5937 96
5938 86
5939 85
5940 85
5941 86
5942 77
5943 83
5944 76
5945 77
5946 91
5947 91
5948 88
5949 85
5950 67
5951 70
5952 78
5953 73
5954 72
5955 69
5956 77
5957 69
5958 58
5959 65
5960 67
5961 69
5962 62
5963 54
5964 60
5965 68
5966 59
5967 53
5968 47
5969 49
5970 34
5971 53
5972 59
5973 67
5974 66
5975 63
5976 52
5977 63
5978 68
5979 62
5980 59
5981 72
5982 74
5983 13
5984 60
5985 66
5986 71
5987 68
5988 55
5989 58
5990 52
5991 66
5992 63
5993 64
5994 59
5995 43
5996 52
5997 66
5998 67
5999 69
6000 75
6001 76
6002 63
6003 74
6004 78
6005 96
6006 59
6007 72
6008 77
6009 78
6010 74
6011 70
6012 64
6013 66
6014 54
6015 70
6016 68
6017 78
6018 70
6019 68
6020 71
6021 80
6022 88
6023 94
6024 124
6025 86
6026 83
6027 75
6028 74
6029 76
6030 78
6031 74
6032 76
6033 71
6034 68
6035 52
6036 52
6037 47
6038 52
6039 46
6040 52
6041 56
6042 54
6043 55
6044 49
6045 40
6046 42
6047 56
6048 51
6049 45
6050 51
6051 50
6052 42
6053 53
6054 50
6055 50
6056 50
6057 50
6058 49
6059 43
6060 43
6061 53
6062 51
6063 42
6064 44
6065 46
6066 35
6067 33
6068 40
6069 36
6070 38
6071 39
6072 35
6073 42
6074 36
6075 29
6076 45
6077 44
6078 25
6079 42
6080 58
6081 57
6082 42
6083 39
6084 38
6085 46
6086 50
6087 43
6088 47
6089 33
6090 55
6091 58
6092 45
6093 45
6094 49
6095 34
6096 31
6097 23
6098 29
6099 42
6100 40
6101 39
6102 46
6103 47
6104 25
6105 39
6106 45
6107 41
6108 36
6109 47
6110 36
6111 44
6112 21
6113 38
6114 47
6115 40
6116 44
6117 38
6118 59
6119 56
6120 44
6121 48
6122 49
6123 35
6124 52
6125 53
6126 40
6127 45
6128 44
6129 40
6130 40
6131 39
6132 49
6133 40
6134 38
6135 32
6136 29
6137 51
6138 44
6139 41
6140 50
6141 52
6142 37
6143 33
6144 45
6145 37
6146 40
6147 42
6148 37
6149 35
6150 40
6151 42
6152 46
6153 50
6154 44
6155 41
6156 47
6157 46
6158 43
6159 35
6160 40
6161 48
6162 32
6163 52
6164 44
6165 46
6166 46
6167 43
6168 48
6169 52
6170 65
6171 45
6172 54
6173 45
6174 38
6175 42
6176 53
6177 55
6178 49
6179 51
6180 103
6181 41
6182 47
6183 50
6184 62
6185 56
6186 52
6187 40
6188 51
6189 54
6190 56
6191 57
6192 55
6193 56
6194 59
6195 61
6196 62
6197 78
6198 55
6199 51
6200 52
6201 52
6202 59
6203 65
6204 61
6205 49
6206 55
6207 37
6208 61
6209 58
6210 67
6211 68
6212 52
6213 72
6214 75
6215 58
6216 59
6217 59
6218 54
6219 56
6220 58
6221 69
6222 76
6223 90
6224 119
6225 142
6226 157
6227 250
6228 242
6229 297
6230 496
6231 538
6232 520
6233 558
6234 604
6235 658
6236 646
6237 642
6238 640
6239 591
6240 613
6241 533
6242 492
6243 432
6244 393
6245 368
6246 342
6247 304
6248 260
6249 221
6250 191
6251 147
6252 131
6253 114
6254 88
6255 72
6256 80
6257 76
6258 72
6259 43
6260 80
6261 79
6262 76
6263 55
6264 87
6265 61
6266 51
6267 67
6268 66
6269 71
6270 65
6271 68
6272 61
6273 68
6274 72
6275 81
6276 65
6277 60
6278 73
6279 78
6280 73
6281 67
6282 67
6283 61
6284 63
6285 60
6286 72
6287 74
6288 67
6289 68
6290 57
6291 67
6292 62
6293 62
6294 65
6295 68
6296 61
6297 59
6298 68
6299 67
6300 61
6301 69
6302 76
6303 66
6304 69
6305 59
6306 66
6307 78
6308 66
6309 57
6310 64
6311 76
6312 72
6313 71
6314 73
6315 55
6316 63
6317 67
6318 65
6319 71
6320 72
6321 55
6322 54
6323 87
6324 75
6325 67
6326 72
6327 76
6328 84
6329 70
6330 69
6331 67
6332 59
6333 70
6334 66
6335 67
6336 70
6337 71
6338 64
6339 66
6340 70
6341 64
6342 77
6343 86
6344 68
6345 64
6346 66
6347 72
6348 59
6349 65
6350 64
6351 74
6352 69
6353 58
6354 50
6355 77
6356 76
6357 63
6358 63
6359 61
6360 67
6361 77
6362 76
6363 67
6364 75
6365 64
6366 64
6367 87
6368 85
6369 70
6370 64
6371 67
6372 62
6373 77
6374 75
6375 79
6376 73
6377 59
6378 71
6379 67
6380 59
6381 83
6382 74
6383 69
6384 64
6385 68
6386 86
6387 73
6388 72
6389 72
6390 67
6391 68
6392 70
6393 69
6394 83
6395 68
6396 67
6397 60
6398 70
6399 64
6400 63
6401 64
6402 60
6403 48
6404 55
6405 66
6406 61
6407 62
6408 70
6409 63
6410 72
6411 63
6412 64
6413 81
6414 80
6415 63
6416 76
6417 67
6418 70
6419 92
6420 72
6421 73
6422 66
6423 67
6424 72
6425 78
6426 71
6427 79
6428 69
6429 86
6430 72
6431 72
6432 70
6433 66
6434 63
6435 67
6436 55
6437 72
6438 64
6439 68
6440 65
6441 60
6442 64
6443 55
6444 58
6445 65
6446 72
6447 74
6448 76
6449 54
6450 62
6451 64
6452 63
6453 59
6454 62
6455 57
6456 54
6457 61
6458 66
6459 64
6460 72
6461 68
6462 47
6463 65
6464 68
6465 79
6466 67
6467 13
6468 62
6469 67
6470 61
6471 71
6472 67
6473 67
6474 70
6475 50
6476 47
6477 75
6478 75
6479 73
6480 68
6481 63
6482 56
6483 67
6484 69
6485 71
6486 72
6487 69
6488 61
6489 73
6490 79
6491 70
6492 70
6493 72
6494 68
6495 71
6496 63
6497 51
6498 49
6499 82
6500 69
6501 66
6502 77
6503 71
6504 73
6505 69
6506 67
6507 79
6508 88
6509 82
6510 76
6511 83
6512 68
6513 68
6514 69
6515 63
6516 76
6517 69
6518 67
6519 54
6520 55
6521 62
6522 76
6523 65
6524 70
6525 64
6526 44
6527 62
6528 50
6529 59
6530 60
6531 60
6532 55
6533 48
6534 69
6535 62
6536 71
6537 63
6538 54
6539 66
6540 74
6541 76
6542 66
6543 59
6544 62
6545 59
6546 63
6547 71
6548 72
6549 66
6550 74
6551 71
6552 57
6553 56
6554 64
6555 70
6556 72
6557 62
6558 58
6559 72
6560 73
6561 71
6562 73
6563 71
6564 135
6565 62
6566 63
6567 80
6568 75
6569 71
6570 76
6571 68
6572 74
6573 76
6574 56
6575 64
6576 76
6577 63
6578 68
6579 78
6580 79
6581 69
6582 72
6583 73
6584 70
6585 76
6586 74
6587 75
6588 78
6589 75
6590 72
6591 74
6592 87
6593 82
6594 93
6595 82
6596 65
6597 74
6598 83
6599 78
6600 66
6601 75
6602 70
6603 78
6604 81
6605 100
6606 76
6607 77
6608 73
6609 78
6610 79
6611 93
6612 90
6613 87
6614 86
6615 78
6616 80
6617 76
6618 87
6619 87
6620 77
6621 84
6622 73
6623 83
6624 94
6625 84
6626 85
6627 90
6628 85
6629 89
6630 88
6631 101
6632 97
6633 91
6634 99
6635 95
6636 105
6637 87
6638 90
6639 93
6640 107
6641 82
6642 142
6643 98
6644 99
6645 95
6646 100
6647 87
6648 85
6649 83
6650 94
6651 104
6652 109
6653 110
6654 97
6655 97
6656 100
6657 118
6658 108
6659 111
6660 112
6661 111
6662 124
6663 107
6664 116
6665 113
6666 113
6667 92
6668 88
6669 109
6670 105
6671 105
6672 105
6673 105
6674 104
6675 122
6676 108
6677 113
6678 108
6679 107
6680 120
6681 123
6682 117
6683 113
6684 115
6685 107
6686 104
6687 123
6688 120
6689 120
6690 118
6691 127
6692 130
6693 128
6694 132
6695 135
6696 109
6697 122
6698 126
6699 121
6700 132
6701 150
6702 148
6703 134
6704 135
6705 134
6706 145
6707 142
6708 135
6709 137
6710 130
6711 152
6712 142
6713 156
6714 158
6715 167
6716 177
6717 188
6718 179
6719 203
6720 175
6721 201
6722 184
6723 181
6724 184
6725 173
6726 180
6727 176
6728 187
6729 183
6730 199
6731 194
6732 196
6733 233
6734 266
6735 270
6736 271
6737 287
6738 323
6739 357
6740 350
6741 356
6742 345
6743 355
6744 374
6745 341
6746 342
6747 311
6748 306
6749 315
6750 284
6751 304
6752 279
6753 281
6754 291
6755 277
6756 268
6757 269
6758 250
6759 248
6760 246
6761 245
6762 242
6763 234
6764 252
6765 260
6766 246
6767 279
6768 261
6769 270
6770 263
6771 283
6772 282
6773 267
6774 288
6775 274
6776 280
6777 293
6778 296
6779 283
6780 289
6781 296
6782 292
6783 283
6784 309
6785 291
6786 288
6787 305
6788 297
6789 316
6790 295
6791 303
6792 301
6793 332
6794 338
6795 329
6796 353
6797 352
6798 356
6799 329
6800 351
6801 366
6802 365
6803 383
6804 376
6805 386
6806 385
6807 392
6808 388
6809 419
6810 422
6811 424
6812 407
6813 405
6814 421
6815 427
6816 426
6817 420
6818 420
6819 420
6820 471
6821 463
6822 491
6823 504
6824 495
6825 494
6826 498
6827 510
6828 492
6829 500
6830 510
6831 503
6832 518
6833 523
6834 506
6835 554
6836 543
6837 542
6838 546
6839 565
6840 596
6841 602
6842 606
6843 609
6844 622
6845 618
6846 632
6847 651
6848 656
6849 678
6850 699
6851 715
6852 694
6853 714
6854 726
6855 725
6856 745
6857 755
6858 740
6859 756
6860 756
6861 757
6862 786
6863 784
6864 801
6865 822
6866 820
6867 828
6868 826
6869 851
6870 877
6871 878
6872 913
6873 905
6874 930
6875 970
6876 973
6877 992
6878 1002
6879 1048
6880 1060
6881 1043
6882 1088
6883 1089
6884 1089
6885 1100
6886 1096
6887 1142
6888 1137
6889 1155
6890 1205
6891 1257
6892 1253
6893 1296
6894 1291
6895 1348
6896 1350
6897 1378
6898 1380
6899 1445
6900 1466
6901 1456
6902 1457
6903 1538
6904 1595
6905 1660
6906 1688
6907 1731
6908 1762
6909 1832
6910 1904
6911 2025
6912 2278
6913 2479
6914 2480
6915 761
6916 0
6917 0
6918 0
6919 0
6920 0
6921 0
6922 0
6923 0
6924 0
6925 0
6926 0
6927 0
6928 0
6929 0
6930 0
6931 0
6932 0
6933 0
6934 0
6935 0
6936 0
6937 0
6938 0
6939 0
6940 0
6941 0
6942 0
6943 0
6944 0
6945 0
6946 0
6947 0
6948 0
6949 0
6950 0
6951 0
6952 0
6953 0
6954 0
6955 0
6956 0
6957 0
6958 0
6959 2497
6960 2483
6961 2479
6962 2482
6963 2486
6964 2130
6965 1324
6966 1332
6967 1292
6968 1263
6969 1265
6970 1233
6971 1202
6972 1166
6973 1147
6974 1119
6975 1096
6976 1076
6977 1083
6978 1077
6979 1024
6980 989
6981 991
6982 979
6983 970
6984 926
6985 934
6986 927
6987 899
6988 885
6989 870
6990 840
6991 848
6992 821
6993 823
6994 807
6995 793
6996 774
6997 746
6998 720
6999 697
7000 696
7001 673
7002 685
7003 674
7004 650
7005 633
7006 612
7007 619
7008 616
7009 606
7010 573
7011 576
7012 583
7013 562
7014 530
7015 534
7016 504
7017 496
7018 488
7019 472
7020 462
7021 477
7022 448
7023 449
7024 432
7025 409
7026 407
7027 424
7028 420
7029 405
7030 383
7031 356
7032 375
7033 375
7034 364
7035 351
7036 344
7037 350
7038 338
7039 348
7040 349
7041 347
7042 314
7043 316
7044 304
7045 311
7046 299
7047 291
7048 288
7049 263
7050 279
7051 265
7052 281
7053 294
7054 269
7055 292
7056 280
7057 267
7058 256
7059 279
7060 267
7061 269
7062 246
7063 212
7064 246
7065 238
7066 235
7067 221
7068 223
7069 210
7070 213
7071 209
7072 210
7073 207
7074 202
7075 205
7076 178
7077 178
7078 184
7079 195
7080 181
7081 194
7082 170
7083 168
7084 164
7085 162
7086 168
7087 158
7088 175
7089 165
7090 160
7091 158
7092 143
7093 157
7094 164
7095 160
7096 149
7097 153
7098 147
7099 164
7100 140
7101 142
7102 147
7103 153
7104 156
7105 155
7106 139
7107 132
7108 133
7109 143
7110 129
7111 149
7112 119
7113 117
7114 117
7115 111
7116 115
7117 113
7118 126
7119 116
7120 112
7121 103
7122 103
7123 105
7124 108
7125 107
7126 111
7127 103
7128 100
7129 98
7130 91
7131 96
7132 96
7133 84
7134 77
7135 92
7136 93
7137 87
7138 79
7139 84
7140 73
7141 93
7142 90
7143 86
7144 92
7145 82
7146 94
7147 84
7148 91
7149 114
7150 108
7151 94
7152 95
7153 95
7154 89
7155 105
7156 89
7157 90
7158 96
7159 87
7160 82
7161 83
7162 78
7163 82
7164 73
7165 69
7166 64
7167 65
7168 77
7169 63
7170 62
7171 66
7172 58
7173 59
7174 64
7175 61
7176 56
7177 55
7178 58
7179 60
7180 59
7181 70
7182 69
7183 56
7184 55
7185 48
7186 44
7187 58
7188 47
7189 57
7190 64
7191 54
7192 64
7193 51
7194 62
7195 54
7196 64
7197 55
7198 49
7199 51
7200 66
7201 56
7202 53
7203 58
7204 44
7205 52
7206 59
7207 50
7208 61
7209 56
7210 55
7211 54
7212 56
7213 57
7214 59
7215 67
7216 66
7217 53
7218 54
7219 72
7220 69
7221 66
7222 69
7223 64
7224 63
7225 72
7226 65
7227 68
7228 63
7229 55
7230 69
7231 60
7232 73
7233 61
7234 56
7235 63
7236 68
7237 57
7238 59
7239 47
7240 55
7241 47
7242 45
7243 38
7244 41
7245 34
7246 41
7247 34
7248 32
7249 43
7250 24
7251 30
7252 23
7253 20
7254 19
7255 23
7256 18
7257 22
7258 33
7259 9
7260 10
7261 20
7262 7
7263 20
7264 20
7265 22
7266 18
7267 6
7268 6
7269 17
7270 27
7271 19
7272 15
7273 12
7274 12
7275 14
7276 11
7277 11
7278 16
7279 21
7280 21
7281 20
7282 10
7283 22
7284 13
7285 19
7286 10
7287 10
7288 6
7289 15
7290 11
7291 14
7292 11
7293 8
7294 7
7295 10
7296 17
7297 10
7298 4
7299 12
7300 1
7301 12
7302 0
7303 0
7304 3
7305 14
7306 8
7307 1
7308 0
7309 13
7310 0
7311 4
7312 0
7313 0
7314 4
7315 10
7316 11
7317 7
7318 0
7319 0
7320 3
7321 8
7322 0
7323 3
7324 5
7325 0
7326 0
7327 0
7328 4
7329 6
7330 0
7331 12
7332 8
7333 0
7334 2
7335 4
7336 0
7337 1
7338 0
7339 0
7340 0
7341 0
7342 0
7343 0
7344 0
7345 0
7346 0
7347 6
7348 1
7349 0
7350 0
7351 0
7352 1
7353 0
7354 0
7355 1
7356 0
7357 0
7358 0
7359 0
7360 0
7361 0
7362 0
7363 3
7364 0
7365 0
7366 8
7367 0
7368 0
7369 0
7370 0
7371 0
7372 0
7373 5
7374 0
7375 0
7376 0
7377 0
7378 0
7379 0
7380 0
7381 0
7382 0
7383 4
7384 2
7385 9
7386 0
7387 4
7388 1
7389 0
7390 0
7391 0
7392 0
7393 0
7394 0
7395 0
7396 0
7397 0
7398 0
7399 0
7400 0
7401 0
7402 0
7403 0
7404 1
7405 0
7406 2
7407 4
7408 0
7409 0
7410 0
7411 0
7412 0
7413 0
7414 0
7415 0
7416 0
7417 0
7418 7
7419 0
7420 0
7421 0
7422 0
7423 2
7424 0
7425 0
7426 0
7427 0
7428 0
7429 0
7430 0
7431 0
7432 0
7433 0
7434 0
7435 0
7436 0
7437 0
7438 9
7439 1
7440 0
7441 0
7442 0
7443 0
7444 2
7445 0
7446 0
7447 0
7448 0
7449 0
7450 1
7451 0
7452 0
7453 0
7454 0
7455 0
7456 0
7457 0
7458 0
7459 0
7460 0
7461 0
7462 0
7463 0
7464 0
7465 0
7466 0
7467 0
7468 0
7469 0
7470 5
7471 0
7472 0
7473 0
7474 0
7475 0
7476 0
7477 0
7478 0
7479 0
7480 0
7481 0
7482 0
7483 0
7484 0
7485 0
7486 0
7487 0
7488 0
7489 4
7490 0
7491 0
7492 0
7493 0
7494 0
7495 0
7496 0
7497 0
7498 0
7499 0
7500 0
7501 0
7502 0
7503 0
7504 0
7505 0
7506 0
7507 0
7508 0
7509 0
7510 0
7511 0
7512 0
7513 0
7514 0
7515 0
7516 0
7517 0
7518 0
7519 0
7520 0
7521 0
7522 0
7523 0
7524 0
7525 0
7526 0
7527 0
7528 0
7529 0
7530 0
7531 0
7532 0
7533 0
7534 0
7535 0
7536 0
7537 0
7538 0
7539 0
7540 0
7541 0
7542 0
7543 0
7544 0
7545 0
7546 0
7547 0
7548 0
7549 0
7550 0
7551 0
7552 0
7553 0
7554 0
7555 0
7556 0
7557 0
7558 0
7559 0
7560 51
7561 0
7562 0
7563 0
7564 0
7565 0
7566 0
7567 0
7568 0
7569 0
7570 0
7571 0
7572 0
7573 0
7574 0
7575 0
7576 0
7577 0
7578 0
7579 0
7580 0
7581 0
7582 0
7583 0
7584 0
7585 0
7586 0
7587 0
7588 0
7589 0
7590 0
7591 0
7592 0
7593 0
7594 0
7595 0
7596 0
7597 0
7598 0
7599 0
7600 0
7601 0
7602 0
7603 0
7604 0
7605 0
7606 0
7607 0
7608 0
7609 0
7610 0
7611 0
7612 0
7613 0
7614 0
7615 0
7616 0
7617 0
7618 0
7619 0
7620 0
7621 0
7622 0
7623 0
7624 0
7625 0
7626 0
7627 0
7628 0
7629 0
7630 0
7631 0
7632 0
7633 0
7634 0
7635 0
7636 0
7637 0
7638 0
7639 0
7640 0
7641 0
7642 0
7643 0
7644 0
7645 0
7646 0
7647 0
7648 0
7649 0
7650 0
7651 0
7652 43
7653 0
7654 0
7655 0
7656 0
7657 0
7658 0
7659 0
7660 0
7661 0
7662 0
7663 0
7664 0
7665 0
7666 0
7667 0
7668 0
7669 0
7670 0
7671 0
7672 0
7673 10
7674 17
7675 19
7676 21
7677 97
7678 39
7679 34
7680 55
7681 56
7682 65
7683 57
7684 57
7685 44
7686 49
7687 35
7688 35
7689 27
7690 26
7691 16
7692 18
7693 2
7694 5
7695 0
7696 0
7697 0
7698 0
7699 0
7700 0
7701 0
7702 0
7703 0
7704 0
7705 0
7706 0
7707 0
7708 0
7709 0
7710 0
7711 0
7712 0
7713 0
7714 0
7715 0
7716 0
7717 0
7718 0
7719 0
7720 0
7721 0
7722 0
7723 0
7724 0
7725 0
7726 0
7727 0
7728 0
7729 0
7730 0
7731 0
7732 0
7733 0
7734 0
7735 0
7736 0
7737 0
7738 0
7739 0
7740 0
7741 0
7742 0
7743 0
7744 0
7745 0
7746 0
7747 0
7748 0
7749 0
7750 0
7751 0
7752 0
7753 0
7754 0
7755 0
7756 0
7757 0
7758 0
7759 0
7760 0
7761 0
7762 0
7763 0
7764 0
7765 0
7766 0
7767 0
7768 0
7769 0
7770 0
7771 0
7772 0
7773 0
7774 0
7775 0
7776 0
7777 0
7778 0
7779 0
7780 0
7781 0
7782 6
7783 0
7784 5
7785 0
7786 0
7787 0
7788 0
7789 15
7790 12
7791 5
7792 2
7793 4
7794 0
7795 2
7796 16
7797 2
7798 5
7799 0
7800 4
7801 9
7802 0
7803 0
7804 0
7805 0
7806 0
7807 0
7808 0
7809 0
7810 0
7811 0
7812 0
7813 0
7814 3
7815 0
7816 0
7817 0
7818 0
7819 0
7820 0
7821 0
7822 0
7823 0
7824 0
7825 0
7826 0
7827 0
7828 0
7829 0
7830 0
7831 0
7832 0
7833 0
7834 0
7835 0
7836 0
7837 0
7838 0
7839 0
7840 0
7841 0
7842 0
7843 0
7844 0
7845 0
7846 0
7847 0
7848 0
7849 0
7850 0
7851 0
7852 0
7853 0
7854 0
7855 0
7856 0
7857 0
7858 0
7859 0
7860 0
7861 0
7862 0
7863 0
7864 0
7865 0
7866 0
7867 0
7868 0
7869 0
7870 0
7871 0
7872 0
7873 0
7874 0
7875 0
7876 0
7877 0
7878 0
7879 0
7880 0
7881 0
7882 0
7883 0
7884 0
7885 0
7886 0
7887 0
7888 0
7889 0
7890 0
7891 0
7892 0
7893 0
7894 0
7895 0
7896 0
7897 0
7898 0
7899 0
7900 0
7901 0
7902 0
7903 0
7904 4
7905 0
7906 0
7907 2
7908 0
7909 12
7910 2
7911 1
7912 0
7913 0
7914 0
7915 0
7916 0
7917 3
7918 0
7919 0
7920 0
7921 0
7922 0
7923 0
7924 0
7925 8
7926 11
7927 0
7928 0
7929 13
7930 7
7931 0
7932 62
7933 0
7934 12
7935 3
7936 9
7937 13
7938 15
7939 16
7940 12
7941 3
7942 17
7943 11
7944 17
7945 17
7946 18
7947 15
7948 16
7949 19
7950 14
7951 10
7952 4
7953 0
7954 0
7955 0
7956 0
7957 0
7958 0
7959 0
7960 0
7961 0
7962 0
7963 0
7964 0
7965 0
7966 0
7967 0
7968 0
7969 0
7970 0
7971 0
7972 0
7973 0
7974 0
7975 0
7976 0
7977 0
7978 0
7979 0
7980 0
7981 0
7982 0
7983 0
7984 0
7985 0
7986 0
7987 0
7988 0
7989 0
7990 0
7991 8
7992 8
7993 11
7994 10
7995 8
7996 8
7997 11
7998 22
7999 5
8000 8
8001 10
8002 14
8003 10
8004 11
8005 2
8006 7
8007 12
8008 0
8009 10
8010 9
8011 8
8012 7
8013 4
8014 12
8015 10
8016 10
8017 8
8018 3
8019 9
8020 8
8021 13
8022 14
8023 12
8024 4
8025 8
8026 14
8027 11
8028 0
8029 8
8030 10
8031 8
8032 6
8033 8
8034 9
8035 8
8036 9
8037 6
8038 6
8039 6
8040 14
8041 14
8042 14
8043 6
8044 6
8045 5
8046 12
8047 16
8048 10
8049 12
8050 11
8051 12
8052 10
8053 26
8054 18
8055 16
8056 11
8057 6
8058 20
8059 13
8060 21
8061 19
8062 11
8063 11
8064 13
8065 33
8066 21
8067 11
8068 14
8069 28
8070 16
8071 30
8072 21
8073 17
8074 15
8075 29
8076 22
8077 26
8078 37
8079 21
8080 0
8081 20
8082 18
8083 13
8084 23
8085 23
8086 15
8087 24
8088 19
8089 7
8090 17
8091 25
8092 26
8093 0
8094 23
8095 15
8096 14
8097 18
8098 23
8099 21
8100 13
8101 18
8102 16
8103 22
8104 17
8105 0
8106 28
8107 14
8108 23
8109 23
8110 26
8111 30
8112 28
8113 0
8114 22
8115 10
8116 22
8117 22
8118 19
8119 20
8120 21
8121 21
8122 29
8123 27
8124 26
8125 21
8126 24
8127 14
8128 31
8129 41
8130 32
8131 31
8132 26
8133 23
8134 28
8135 11
8136 25
8137 27
8138 22
8139 27
8140 9
8141 26
8142 24
8143 23
8144 24
8145 21
8146 22
8147 24
8148 33
8149 33
8150 21
8151 22
8152 27
8153 27
8154 20
8155 33
8156 25
8157 22
8158 20
8159 11
8160 22
8161 21
8162 24
8163 13
8164 0
8165 15
8166 13
8167 34
8168 22
8169 22
8170 19
8171 18
8172 8
8173 15
8174 24
8175 17
8176 30
8177 15
8178 11
8179 15
8180 20
8181 23
8182 26
8183 27
8184 14
8185 21
8186 16
8187 23
8188 19
8189 23
8190 23
8191 9
8192 23
8193 17
8194 23
8195 21
8196 22
8197 28
8198 25
8199 22
8200 28
8201 11
8202 19
8203 20
8204 18
8205 5
8206 15
8207 22
8208 24
8209 18
8210 19
8211 21
8212 18
8213 12
8214 17
8215 20
8216 14
8217 6
8218 7
8219 33
8220 29
8221 33
8222 21
8223 9
8224 13
8225 26
8226 24
8227 24
8228 19
8229 21
8230 17
8231 22
8232 23
8233 26
8234 19
8235 19
8236 22
8237 25
8238 25
8239 28
8240 23
8241 27
8242 15
8243 28
8244 13
8245 37
8246 24
8247 25
8248 17
8249 26
8250 17
8251 21
8252 23
8253 0
8254 28
8255 23
8256 17
8257 17
8258 27
8259 17
8260 20
8261 18
8262 19
8263 19
8264 29
8265 15
8266 26
8267 28
8268 24
8269 30
8270 21
8271 35
8272 21
8273 25
8274 18
8275 30
8276 21
8277 28
8278 28
8279 26
8280 25
8281 18
8282 41
8283 42
8284 21
8285 24
8286 25
8287 18
8288 20
8289 14
8290 22
8291 21
8292 15
8293 32
8294 26
8295 28
8296 28
8297 26
8298 27
8299 24
8300 5
8301 15
8302 20
8303 29
8304 30
8305 24
8306 25
8307 26
8308 17
8309 22
8310 25
8311 27
8312 24
8313 26
8314 22
8315 20
8316 20
8317 24
8318 20
8319 21
8320 15
8321 32
8322 30
8323 19
8324 19
8325 25
8326 21
8327 35
8328 32
8329 22
8330 25
8331 19
8332 22
8333 17
8334 22
8335 27
8336 24
8337 30
8338 13
8339 29
8340 26
8341 25
8342 28
8343 25
8344 13
8345 13
8346 19
8347 23
8348 26
8349 27
8350 15
8351 17
8352 17
8353 32
8354 29
8355 22
8356 24
8357 15
8358 22
8359 23
8360 22
8361 21
8362 23
8363 23
8364 9
8365 18
8366 32
8367 30
8368 27
8369 30
8370 22
8371 17
8372 30
8373 29
8374 22
8375 26
8376 27
8377 21
8378 27
8379 40
8380 23
8381 24
8382 22
8383 21
8384 30
8385 33
8386 18
8387 16
8388 16
8389 18
8390 38
8391 33
8392 34
8393 28
8394 25
8395 30
8396 26
8397 15
8398 25
8399 27
8400 30
8401 27
8402 18
8403 30
8404 40
8405 29
8406 34
8407 25
8408 34
8409 36
8410 31
8411 30
8412 34
8413 26
8414 22
8415 45
8416 34
8417 26
8418 19
8419 34
8420 29
8421 16
8422 19
8423 20
8424 27
8425 21
8426 22
8427 15
8428 18
8429 12
8430 19
8431 22
8432 25
8433 14
8434 17
8435 18
8436 24
8437 28
8438 13
8439 36
8440 33
8441 14
8442 18
8443 25
8444 20
8445 24
8446 22
8447 15
8448 26
8449 22
8450 35
8451 17
8452 21
8453 29
8454 29
8455 27
8456 16
8457 23
8458 25
8459 30
8460 9
8461 25
8462 30
8463 26
8464 30
8465 15
8466 16
8467 32
8468 33
8469 34
8470 25
8471 29
8472 20
8473 21
8474 26
8475 33
8476 28
8477 26
8478 32
8479 22
8480 32
8481 30
8482 38
8483 28
8484 30
8485 24
8486 26
8487 27
8488 29
8489 26
8490 28
8491 33
8492 28
8493 9
8494 39
8495 41
8496 32
8497 35
8498 31
8499 33
8500 24
8501 30
8502 31
8503 33
8504 26
8505 31
8506 24
8507 39
8508 28
8509 30
8510 27
8511 14
8512 28
8513 32
8514 34
8515 38
8516 33
8517 22
8518 28
8519 19
8520 26
8521 37
8522 32
8523 27
8524 25
8525 26
8526 24
8527 27
8528 24
8529 29
8530 20
8531 23
8532 33
8533 43
8534 35
8535 31
8536 24
8537 38
8538 27
8539 37
8540 29
8541 30
8542 30
8543 22
8544 26
8545 29
8546 34
8547 30
8548 0
8549 28
8550 31
8551 41
8552 24
8553 23
8554 37
8555 38
8556 32
8557 33
8558 37
8559 29
8560 32
8561 45
8562 30
8563 50
8564 37
8565 50
8566 47
8567 44
8568 41
8569 38
8570 52
8571 43
8572 42
8573 41
8574 35
8575 31
8576 32
8577 33
8578 34
8579 24
8580 29
8581 18
8582 17
8583 18
8584 23
8585 21
8586 22
8587 19
8588 11
8589 24
8590 26
8591 22
8592 8
8593 24
8594 19
8595 18
8596 40
8597 21
8598 30
8599 24
8600 17
8601 18
8602 14
8603 12
8604 23
8605 12
8606 20
8607 15
8608 9
8609 32
8610 12
8611 22
8612 25
8613 13
8614 17
8615 29
8616 31
8617 17
8618 19
8619 23
8620 16
8621 24
8622 27
8623 19
8624 23
8625 22
8626 0
8627 25
8628 25
8629 18
8630 23
8631 22
8632 17
8633 19
8634 30
8635 29
8636 25
8637 19
8638 16
8639 6
8640 16
8641 10
8642 10
8643 24
8644 14
8645 12
8646 22
8647 25
8648 21
8649 14
8650 24
8651 23
8652 22
8653 17
8654 26
8655 11
8656 23
8657 22
8658 16
8659 29
8660 34
8661 31
8662 25
8663 24
8664 23
8665 17
8666 26
8667 25
8668 19
8669 21
8670 19
8671 13
8672 20
8673 35
8674 23
8675 24
8676 13
8677 20
8678 15
8679 31
8680 26
8681 22
8682 25
8683 21
8684 23
8685 23
8686 35
8687 26
8688 19
8689 25
8690 26
8691 25
8692 24
8693 38
8694 24
8695 22
8696 22
8697 14
8698 30
8699 34
8700 27
8701 25
8702 28
8703 18
8704 26
8705 23
8706 40
8707 29
8708 25
8709 15
8710 1
8711 26
8712 13
8713 28
8714 25
8715 26
8716 22
8717 18
8718 20
8719 26
8720 23
8721 30
8722 20
8723 35
8724 38
8725 37
8726 29
8727 24
8728 26
8729 26
8730 30
8731 37
8732 28
8733 29
8734 30
8735 19
8736 19
8737 30
8738 40
8739 40
8740 29
8741 26
8742 34
8743 38
8744 33
8745 33
8746 33
8747 28
8748 24
8749 21
8750 16
8751 26
8752 23
8753 26
8754 16
8755 10
8756 26
8757 13
8758 20
8759 18
8760 8
8761 7
8762 14
8763 23
8764 21
8765 16
8766 13
8767 23
8768 2
8769 16
8770 18
8771 23
8772 15
8773 12
8774 14
8775 19
8776 15
8777 15
8778 19
8779 20
8780 14
8781 14
8782 26
8783 17
8784 23
8785 20
8786 11
8787 7
8788 24
8789 15
8790 11
8791 19
8792 14
8793 14
8794 24
8795 19
8796 21
8797 15
8798 15
8799 1
8800 16
8801 20
8802 27
8803 16
8804 19
8805 14
8806 18
8807 19
8808 21
8809 14
8810 12
8811 23
8812 24
8813 13
8814 13
8815 9
8816 14
8817 8
8818 11
8819 9
8820 10
8821 10
8822 15
8823 18
8824 6
8825 14
8826 18
8827 21
8828 5
8829 15
8830 22
8831 6
8832 6
8833 0
8834 15
8835 15
8836 11
8837 9
8838 13
8839 19
8840 13
8841 15
8842 15
8843 13
8844 11
8845 14
8846 19
8847 22
8848 15
8849 16
8850 1
8851 14
8852 9
8853 20
8854 20
8855 1
8856 6
8857 5
8858 7
8859 9
8860 17
8861 18
8862 17
8863 9
8864 7
8865 20
8866 12
8867 18
8868 19
8869 20
8870 11
8871 0
8872 23
8873 15
8874 18
8875 8
8876 14
8877 12
8878 9
8879 23
8880 24
8881 18
8882 11
8883 11
8884 26
8885 26
8886 28
8887 14
8888 11
8889 5
8890 14
8891 19
8892 14
8893 15
8894 12
8895 5
8896 12
8897 20
8898 22
8899 9
8900 14
8901 5
8902 5
8903 23
8904 25
8905 17
8906 10
8907 19
8908 14
8909 10
8910 12
8911 15
8912 18
8913 13
8914 11
8915 9
8916 19
8917 12
8918 16
8919 17
8920 12
8921 12
8922 17
8923 11
8924 15
8925 19
8926 6
8927 10
8928 9
8929 24
8930 15
8931 6
8932 14
8933 23
8934 6
8935 29
8936 21
8937 16
8938 8
8939 13
8940 13
8941 13
8942 14
8943 7
8944 12
8945 17
8946 25
8947 15
8948 21
8949 11
8950 8
8951 9
8952 13
8953 15
8954 13
8955 29
8956 14
8957 5
8958 17
8959 13
8960 14
8961 13
8962 21
8963 18
8964 13
8965 1
8966 14
8967 9
8968 8
8969 16
8970 21
8971 19
8972 22
8973 22
8974 14
8975 8
8976 19
8977 25
8978 18
8979 18
8980 10
8981 14
8982 9
8983 10
8984 9
8985 6
8986 5
8987 22
8988 20
8989 15
8990 14
8991 9
8992 20
8993 15
8994 18
8995 15
8996 12
8997 7
8998 22
8999 20
9000 17
9001 18
9002 8
9003 13
9004 0
9005 7
9006 10
9007 21
9008 14
9009 16
9010 6
9011 7
9012 27
9013 20
9014 9
9015 9
9016 14
9017 17
9018 34
9019 22
9020 29
9021 32
9022 26
9023 25
9024 25
9025 49
9026 44
9027 51
9028 52
9029 45
9030 42
9031 62
9032 51
9033 66
9034 76
9035 74
9036 70
9037 74
9038 77
9039 71
9040 72
9041 52
9042 53
9043 31
9044 34
9045 35
9046 29
9047 24
9048 9
9049 13
9050 18
9051 21
9052 16
9053 14
9054 10
9055 9
9056 14
9057 15
9058 22
9059 13
9060 18
9061 20
9062 15
9063 16
9064 13
9065 10
9066 11
9067 13
9068 10
9069 6
9070 10
9071 16
9072 7
9073 21
9074 15
9075 8
9076 10
9077 24
9078 13
9079 15
9080 7
9081 10
9082 13
9083 13
9084 14
9085 12
9086 16
9087 10
9088 5
9089 17
9090 9
9091 11
9092 18
9093 12
9094 6
9095 7
9096 24
9097 20
9098 13
9099 15
9100 18
9101 5
9102 11
9103 21
9104 7
9105 11
9106 6
9107 14
9108 5
9109 17
9110 19
9111 7
9112 2
9113 9
9114 21
9115 6
9116 0
9117 7
9118 11
9119 18
9120 11
9121 12
9122 18
9123 11
9124 9
9125 6
9126 13
9127 15
9128 17
9129 16
9130 14
9131 13
9132 12
9133 15
9134 8
9135 14
9136 10
9137 13
9138 6
9139 14
9140 13
9141 13
9142 20
9143 7
9144 15
9145 20
9146 19
9147 22
9148 11
9149 13
9150 14
9151 14
9152 18
9153 14
9154 8
9155 19
9156 21
9157 13
9158 12
9159 14
9160 13
9161 5
9162 22
9163 15
9164 6
9165 12
9166 5
9167 18
9168 20
9169 12
9170 6
9171 10
9172 9
9173 0
9174 5
9175 27
9176 25
9177 9
9178 10
9179 20
9180 17
9181 18
9182 18
9183 14
9184 13
9185 22
9186 8
9187 13
9188 5
9189 3
9190 26
9191 17
9192 9
9193 10
9194 11
9195 11
9196 6
9197 0
9198 13
9199 13
9200 16
9201 13
9202 8
9203 1
9204 5
9205 24
9206 15
9207 19
9208 5
9209 10
9210 11
9211 21
9212 17
9213 10
9214 5
9215 10
9216 10
9217 21
9218 15
9219 11
9220 13
9221 14
9222 9
9223 17
9224 7
9225 19
9226 20
9227 11
9228 14
9229 12
9230 14
9231 12
9232 9
9233 35
9234 15
9235 11
9236 17
9237 18
9238 14
9239 11
9240 14
9241 12
9242 8
9243 9
9244 10
9245 9
9246 11
9247 12
9248 5
9249 20
9250 13
9251 17
9252 5
9253 3
9254 5
9255 23
9256 15
9257 12
9258 14
9259 14
9260 10
9261 14
9262 10
9263 10
9264 15
9265 17
9266 7
9267 10
9268 17
9269 8
9270 15
9271 16
9272 14
9273 4
9274 8
9275 12
9276 15
9277 11
9278 9
9279 15
9280 8
9281 22
9282 15
9283 1
9284 14
9285 1
9286 18
9287 4
9288 19
9289 4
9290 15
9291 18
9292 6
9293 3
9294 7
9295 11
9296 6
9297 2
9298 5
9299 12
9300 22
9301 16
9302 23
9303 2
9304 6
9305 15
9306 22
9307 9
9308 19
9309 17
9310 12
9311 10
9312 14
9313 22
9314 17
9315 13
9316 18
9317 14
9318 25
9319 14
9320 19
9321 18
9322 12
9323 10
9324 8
9325 13
9326 10
9327 0
9328 11
9329 12
9330 8
9331 6
9332 18
9333 13
9334 13
9335 10
9336 1
9337 9
9338 19
9339 11
9340 17
9341 14
9342 13
9343 17
9344 6
9345 18
9346 17
9347 17
9348 15
9349 11
9350 6
9351 8
9352 19
9353 11
9354 9
9355 16
9356 6
9357 18
9358 13
9359 21
9360 15
9361 6
9362 15
9363 24
9364 26
9365 15
9366 3
9367 13
9368 18
9369 9
9370 25
9371 12
9372 14
9373 16
9374 9
9375 18
9376 12
9377 15
9378 25
9379 13
9380 15
9381 8
9382 8
9383 13
9384 14
9385 13
9386 8
9387 12
9388 13
9389 11
9390 21
9391 11
9392 16
9393 17
9394 6
9395 5
9396 17
9397 6
9398 18
9399 13
9400 14
9401 5
9402 21
9403 17
9404 23
9405 25
9406 17
9407 9
9408 14
9409 13
9410 28
9411 10
9412 12
9413 10
9414 13
9415 11
9416 5
9417 12
9418 20
9419 14
9420 7
9421 14
9422 11
9423 21
9424 19
9425 1
9426 1
9427 3
9428 15
9429 19
9430 11
9431 9
9432 10
9433 9
9434 15
9435 11
9436 17
9437 13
9438 11
9439 7
9440 11
9441 23
9442 18
9443 14
9444 12
9445 7
9446 3
9447 25
9448 17
9449 13
9450 19
9451 13
9452 18
9453 10
9454 17
9455 14
9456 13
9457 20
9458 15
9459 0
9460 28
9461 8
9462 11
9463 20
9464 10
9465 19
9466 15
9467 19
9468 20
9469 15
9470 14
9471 6
9472 22
9473 6
9474 22
9475 21
9476 16
9477 16
9478 13
9479 19
9480 14
9481 16
9482 17
9483 19
9484 15
9485 17
9486 4
9487 24
9488 16
9489 16
9490 10
9491 4
9492 25
9493 14
9494 17
9495 16
9496 6
9497 10
9498 27
9499 25
9500 16
9501 13
9502 14
9503 6
9504 5
9505 16
9506 13
9507 13
9508 15
9509 16
9510 15
9511 22
9512 14
9513 17
9514 14
9515 14
9516 20
9517 16
9518 10
9519 13
9520 21
9521 31
9522 5
9523 10
9524 26
9525 24
9526 22
9527 18
9528 18
9529 1
9530 26
9531 14
9532 16
9533 6
9534 14
9535 7
9536 14
9537 29
9538 11
9539 16
9540 14
9541 12
9542 18
9543 17
9544 5
9545 21
9546 9
9547 18
9548 1
9549 14
9550 14
9551 14
9552 15
9553 13
9554 8
9555 15
9556 21
9557 22
9558 18
9559 15
9560 16
9561 13
9562 14
9563 15
9564 17
9565 21
9566 7
9567 11
9568 14
9569 17
9570 22
9571 13
9572 18
9573 5
9574 21
9575 27
9576 12
9577 16
9578 11
9579 15
9580 19
9581 16
9582 22
9583 25
9584 15
9585 22
9586 6
9587 10
9588 8
9589 18
9590 17
9591 18
9592 15
9593 14
9594 21
9595 15
9596 6
9597 23
9598 6
9599 4
9600 25
9601 17
9602 20
9603 16
9604 6
9605 10
9606 4
9607 23
9608 22
9609 11
9610 13
9611 17
9612 14
9613 15
9614 15
9615 14
9616 13
9617 17
9618 13
9619 6
9620 19
9621 19
9622 22
9623 15
9624 10
9625 11
9626 25
9627 5
9628 11
9629 20
9630 7
9631 6
9632 24
9633 20
9634 18
9635 14
9636 0
9637 21
9638 16
9639 20
9640 0
9641 10
9642 13
9643 20
9644 7
9645 9
9646 14
9647 20
9648 16
9649 13
9650 15
9651 19
9652 16
9653 20
9654 16
9655 18
9656 7
9657 8
9658 17
9659 9
9660 15
9661 13
9662 21
9663 9
9664 18
9665 19
9666 23
9667 19
9668 20
9669 21
9670 15
9671 14
9672 26
9673 18
9674 10
9675 4
9676 29
9677 6
9678 19
9679 14
9680 18
9681 11
9682 3
9683 13
9684 24
9685 8
9686 17
9687 12
9688 19
9689 15
9690 20
9691 19
9692 21
9693 22
9694 12
9695 7
9696 8
9697 16
9698 13
9699 6
9700 14
9701 16
9702 5
9703 23
9704 17
9705 22
9706 7
9707 13
9708 4
9709 14
9710 26
9711 17
9712 13
9713 22
9714 14
9715 9
9716 10
9717 16
9718 20
9719 19
9720 14
9721 14
9722 15
9723 15
9724 23
9725 26
9726 20
9727 8
9728 21
9729 29
9730 22
9731 18
9732 18
9733 19
9734 15
9735 14
9736 16
9737 13
9738 0
9739 14
9740 10
9741 20
9742 28
9743 20
9744 19
9745 30
9746 0
9747 9
9748 31
9749 12
9750 15
9751 24
9752 6
9753 14
9754 16
9755 25
9756 16
9757 10
9758 16
9759 10
9760 5
9761 14
9762 18
9763 17
9764 23
9765 10
9766 12
9767 17
9768 21
9769 21
9770 12
9771 10
9772 13
9773 17
9774 24
9775 17
9776 18
9777 16
9778 13
9779 14
9780 9
9781 14
9782 20
9783 20
9784 22
9785 7
9786 23
9787 20
9788 17
9789 17
9790 9
9791 4
9792 24
9793 18
9794 23
9795 19
9796 19
9797 18
9798 7
9799 26
9800 16
9801 13
9802 18
9803 13
9804 0
9805 14
9806 20
9807 25
9808 13
9809 14
9810 13
9811 16
9812 18
9813 27
9814 26
9815 14
9816 12
9817 15
9818 25
9819 27
9820 15
9821 15
9822 22
9823 13
9824 13
9825 17
9826 27
9827 24
9828 18
9829 11
9830 10
9831 22
9832 25
9833 18
9834 0
9835 17
9836 6
9837 19
9838 0
9839 13
9840 18
9841 21
9842 0
9843 12
9844 20
9845 23
9846 6
9847 18
9848 13
9849 5
9850 18
9851 7
9852 11
9853 17
9854 8
9855 11
9856 22
9857 26
9858 11
9859 19
9860 17
9861 7
9862 8
9863 0
9864 22
9865 18
9866 17
9867 19
9868 15
9869 12
9870 13
9871 27
9872 23
9873 26
9874 16
9875 5
9876 18
9877 22
9878 22
9879 9
9880 16
9881 15
9882 22
9883 18
9884 22
9885 20
9886 8
9887 14
9888 13
9889 26
9890 13
9891 22
9892 17
9893 14
9894 14
9895 33
9896 16
9897 13
9898 15
9899 15
9900 13
9901 23
9902 18
9903 24
9904 18
9905 18
9906 14
9907 18
9908 18
9909 19
9910 14
9911 18
9912 11
9913 33
9914 21
9915 24
9916 3
9917 21
9918 16
9919 17
9920 14
9921 25
9922 18
9923 16
9924 16
9925 12
9926 21
9927 25
9928 27
9929 17
9930 20
9931 16
9932 9
9933 13
9934 26
9935 20
9936 17
9937 13
9938 21
9939 9
9940 23
9941 19
9942 16
9943 9
9944 11
9945 15
9946 28
9947 19
9948 20
9949 3
9950 20
9951 21
9952 14
9953 25
9954 17
9955 20
9956 22
9957 15
9958 13
9959 23
9960 22
9961 14
9962 15
9963 18
9964 12
9965 27
9966 15
9967 24
9968 25
9969 18
9970 12
9971 29
9972 30
9973 13
9974 11
9975 17
9976 19
9977 12
9978 19
9979 21
9980 25
9981 17
9982 0
9983 22
9984 18
9985 28
9986 16
9987 16
9988 20
9989 9
9990 26
9991 15
9992 20
9993 16
9994 17
9995 18
9996 18
9997 17
9998 15
9999 25
10000 23
10001 13
10002 29
10003 25
10004 31
10005 17
10006 18
10007 11
10008 20
10009 18
10010 21
10011 30
10012 26
10013 26
10014 19
10015 19
10016 18
10017 18
10018 15
10019 29
10020 0
10021 16
10022 18
10023 27
10024 22
10025 15
10026 20
10027 18
10028 7
10029 15
10030 16
10031 20
10032 23
10033 18
10034 34
10035 21
10036 22
10037 1
10038 19
