Frequencia	Intensidade
7.49972E14	456
7.49857E14	380
7.49742E14	376
7.49627E14	587
7.49512E14	496
7.49397E14	444
7.49282E14	352
7.49168E14	381
7.49053E14	339
7.48938E14	344
7.48824E14	606
7.48709E14	371
7.48594E14	430
7.4848E14	398
7.48365E14	279
7.48251E14	408
7.48136E14	574
7.48022E14	478
7.47908E14	465
7.47793E14	385
7.47679E14	473
7.47565E14	438
7.47451E14	412
7.47336E14	769
7.47222E14	607
7.47108E14	409
7.46994E14	261
7.4688E14	353
7.46766E14	406
7.46652E14	546
7.46538E14	575
7.46424E14	411
7.4631E14	425
7.46196E14	360
7.46082E14	426
7.45969E14	603
7.45855E14	546
7.45741E14	483
7.45628E14	450
7.45514E14	417
7.454E14	344
7.45287E14	491
7.45173E14	696
7.4506E14	494
7.44946E14	413
7.44833E14	406
7.44719E14	352
7.44606E14	403
7.44493E14	561
7.44379E14	509
7.44266E14	446
7.44153E14	465
7.4404E14	320
7.43927E14	324
7.43813E14	477
7.437E14	647
7.43587E14	505
7.43474E14	518
7.43361E14	401
7.43248E14	280
7.43135E14	428
7.43023E14	889
7.4291E14	675
7.42797E14	537
7.42684E14	443
7.42571E14	263
7.42459E14	358
7.42346E14	528
7.42233E14	483
7.42121E14	457
7.42008E14	446
7.41896E14	333
7.41783E14	459
7.41671E14	383
7.41558E14	567
7.41446E14	421
7.41333E14	416
7.41221E14	471
7.41109E14	551
7.40997E14	425
7.40884E14	567
7.40772E14	561
7.4066E14	506
7.40548E14	436
7.40436E14	338
7.40324E14	350
7.40212E14	476
7.401E14	698
7.39988E14	489
7.39876E14	506
7.39764E14	557
7.39652E14	511
7.3954E14	415
7.39428E14	422
7.39317E14	394
7.39205E14	302
7.39093E14	420
7.38982E14	327
7.3887E14	500
7.38758E14	553
7.38647E14	439
7.38535E14	423
7.38424E14	393
7.38312E14	338
7.38201E14	347
7.3809E14	368
7.37978E14	530
7.37867E14	610
7.37756E14	498
7.37644E14	554
7.37533E14	309
7.37422E14	460
7.37311E14	622
7.372E14	530
7.37089E14	442
7.36978E14	381
7.36867E14	487
7.36756E14	323
7.36645E14	476
7.36534E14	610
7.36423E14	578
7.36312E14	442
7.36201E14	399
7.3609E14	384
7.3598E14	377
7.35869E14	604
7.35758E14	538
7.35648E14	426
7.35537E14	376
7.35426E14	282
7.35316E14	501
7.35205E14	684
7.35095E14	492
7.34984E14	489
7.34874E14	393
7.34764E14	376
7.34653E14	310
7.34543E14	539
7.34433E14	759
7.34322E14	486
7.34212E14	413
7.34102E14	384
7.33992E14	254
7.33882E14	404
7.33772E14	617
7.33661E14	451
7.33551E14	539
7.33441E14	556
7.33332E14	434
7.33222E14	345
7.33112E14	411
7.33002E14	655
7.32892E14	432
7.32782E14	513
7.32672E14	409
7.32563E14	374
7.32453E14	412
7.32343E14	588
7.32234E14	615
7.32124E14	499
7.32015E14	349
7.31905E14	277
7.31796E14	520
7.31686E14	620
7.31577E14	543
7.31467E14	406
7.31358E14	433
7.31249E14	428
7.31139E14	353
7.3103E14	646
7.30921E14	646
7.30812E14	569
7.30702E14	536
7.30593E14	539
7.30484E14	320
7.30375E14	462
7.30266E14	718
7.30157E14	579
7.30048E14	418
7.29939E14	473
7.2983E14	400
7.29721E14	259
7.29613E14	603
7.29504E14	758
7.29395E14	584
7.29286E14	396
7.29177E14	443
7.29069E14	404
7.2896E14	575
7.28852E14	703
7.28743E14	591
7.28634E14	480
7.28526E14	514
7.28417E14	334
7.28309E14	404
7.28201E14	708
7.28092E14	659
7.27984E14	537
7.27875E14	541
7.27767E14	369
7.27659E14	435
7.27551E14	631
7.27442E14	773
7.27334E14	507
7.27226E14	428
7.27118E14	557
7.2701E14	461
7.26902E14	449
7.26794E14	643
7.26686E14	636
7.26578E14	591
7.2647E14	541
7.26362E14	420
7.26254E14	376
7.26147E14	641
7.26039E14	723
7.25931E14	646
7.25823E14	512
7.25716E14	450
7.25608E14	422
7.255E14	540
7.25393E14	680
7.25285E14	548
7.25178E14	550
7.2507E14	502
7.24963E14	286
7.24855E14	504
7.24748E14	740
7.24641E14	649
7.24533E14	476
7.24426E14	506
7.24319E14	460
7.24211E14	417
7.24104E14	459
7.23997E14	630
7.2389E14	609
7.23783E14	464
7.23676E14	389
7.23569E14	462
7.23462E14	573
7.23355E14	778
7.23248E14	588
7.23141E14	520
7.23034E14	553
7.22927E14	540
7.2282E14	335
7.22713E14	496
7.22607E14	775
7.225E14	607
7.22393E14	478
7.22287E14	466
7.2218E14	508
7.22073E14	532
7.21967E14	695
7.2186E14	710
7.21754E14	654
7.21647E14	490
7.21541E14	395
7.21434E14	439
7.21328E14	682
7.21222E14	594
7.21115E14	552
7.21009E14	559
7.20903E14	550
7.20797E14	485
7.2069E14	633
7.20584E14	807
7.20478E14	626
7.20372E14	656
7.20266E14	683
7.2016E14	503
7.20054E14	572
7.19948E14	693
7.19842E14	551
7.19736E14	551
7.1963E14	536
7.19524E14	594
7.19418E14	470
7.19313E14	656
7.19207E14	667
7.19101E14	602
7.18995E14	618
7.1889E14	520
7.18784E14	397
7.18679E14	629
7.18573E14	781
7.18467E14	718
7.18362E14	548
7.18256E14	530
7.18151E14	354
7.18046E14	565
7.1794E14	738
7.17835E14	555
7.17729E14	536
7.17624E14	676
7.17519E14	496
7.17414E14	454
7.17308E14	607
7.17203E14	810
7.17098E14	662
7.16993E14	500
7.16888E14	624
7.16783E14	466
7.16678E14	707
7.16573E14	821
7.16468E14	650
7.16363E14	631
7.16258E14	559
7.16153E14	564
7.16048E14	545
7.15944E14	567
7.15839E14	732
7.15734E14	681
7.15629E14	609
7.15525E14	447
7.1542E14	342
7.15315E14	698
7.15211E14	842
7.15106E14	662
7.15002E14	678
7.14897E14	598
7.14793E14	528
7.14688E14	470
7.14584E14	827
7.1448E14	709
7.14375E14	584
7.14271E14	583
7.14167E14	517
7.14062E14	632
7.13958E14	486
7.13854E14	651
7.1375E14	635
7.13646E14	622
7.13542E14	510
7.13438E14	403
7.13334E14	564
7.1323E14	913
7.13126E14	867
7.13022E14	708
7.12918E14	668
7.12814E14	600
7.1271E14	545
7.12606E14	650
7.12502E14	802
7.12399E14	716
7.12295E14	565
7.12191E14	525
7.12087E14	522
7.11984E14	501
7.1188E14	758
7.11777E14	663
7.11673E14	603
7.11569E14	584
7.11466E14	449
7.11363E14	553
7.11259E14	770
7.11156E14	780
7.11052E14	653
7.10949E14	594
7.10846E14	550
7.10742E14	509
7.10639E14	665
7.10536E14	869
7.10433E14	803
7.1033E14	605
7.10226E14	492
7.10123E14	498
7.1002E14	650
7.09917E14	923
7.09814E14	836
7.09711E14	693
7.09608E14	686
7.09505E14	594
7.09402E14	503
7.09299E14	700
7.09197E14	881
7.09094E14	775
7.08991E14	598
7.08888E14	537
7.08786E14	578
7.08683E14	682
7.0858E14	745
7.08478E14	751
7.08375E14	698
7.08272E14	698
7.0817E14	510
7.08067E14	657
7.07965E14	925
7.07862E14	724
7.0776E14	587
7.07658E14	607
7.07555E14	594
7.07453E14	539
7.07351E14	748
7.07248E14	940
7.07146E14	748
7.07044E14	769
7.06942E14	650
7.0684E14	644
7.06737E14	589
7.06635E14	885
7.06533E14	879
7.06431E14	693
7.06329E14	663
7.06227E14	698
7.06125E14	590
7.06023E14	563
7.05922E14	880
7.0582E14	856
7.05718E14	892
7.05616E14	611
7.05514E14	531
7.05413E14	613
7.05311E14	944
7.05209E14	839
7.05107E14	758
7.05006E14	612
7.04904E14	508
7.04803E14	778
7.04701E14	926
7.046E14	836
7.04498E14	1060
7.04397E14	730
7.04295E14	665
7.04194E14	694
7.04093E14	826
7.03991E14	974
7.0389E14	702
7.03789E14	787
7.03687E14	773
7.03586E14	695
7.03485E14	662
7.03384E14	1174
7.03283E14	863
7.03182E14	860
7.03081E14	877
7.0298E14	628
7.02878E14	805
7.02778E14	780
7.02677E14	998
7.02576E14	805
7.02475E14	733
7.02374E14	641
7.02273E14	604
7.02172E14	766
7.02071E14	974
7.01971E14	834
7.0187E14	787
7.01769E14	766
7.01669E14	581
7.01568E14	819
7.01467E14	1010
7.01367E14	852
7.01266E14	792
7.01166E14	851
7.01065E14	746
7.00965E14	605
7.00864E14	741
7.00764E14	1024
7.00664E14	978
7.00563E14	827
7.00463E14	749
7.00363E14	598
7.00262E14	794
7.00162E14	973
7.00062E14	868
6.99962E14	827
6.99862E14	899
6.99761E14	814
6.99661E14	764
6.99561E14	933
6.99461E14	985
6.99361E14	868
6.99261E14	727
6.99161E14	757
6.99061E14	761
6.98962E14	880
6.98862E14	1062
6.98762E14	896
6.98662E14	972
6.98562E14	897
6.98463E14	699
6.98363E14	888
6.98263E14	1060
6.98163E14	1028
6.98064E14	959
6.97964E14	933
6.97865E14	814
6.97765E14	779
6.97666E14	810
6.97566E14	1204
6.97467E14	1064
6.97367E14	869
6.97268E14	836
6.97168E14	770
6.97069E14	975
6.9697E14	1143
6.9687E14	1108
6.96771E14	968
6.96672E14	933
6.96573E14	1145
6.96474E14	917
6.96374E14	905
6.96275E14	1145
6.96176E14	977
6.96077E14	949
6.95978E14	944
6.95879E14	906
6.9578E14	1057
6.95681E14	1065
6.95582E14	1054
6.95483E14	1093
6.95384E14	1001
6.95286E14	841
6.95187E14	1003
6.95088E14	1239
6.94989E14	1074
6.9489E14	1061
6.94792E14	1050
6.94693E14	932
6.94594E14	1053
6.94496E14	1071
6.94397E14	1370
6.94299E14	1240
6.942E14	1125
6.94102E14	1144
6.94003E14	971
6.93905E14	1044
6.93806E14	1214
6.93708E14	1218
6.9361E14	1119
6.93511E14	1259
6.93413E14	1045
6.93315E14	1079
6.93216E14	1068
6.93118E14	1396
6.9302E14	1532
6.92922E14	1306
6.92824E14	1190
6.92726E14	1048
6.92627E14	1152
6.92529E14	1514
6.92431E14	1276
6.92333E14	1185
6.92235E14	1265
6.92137E14	1001
6.92039E14	1222
6.91942E14	1432
6.91844E14	1304
6.91746E14	1371
6.91648E14	1353
6.9155E14	1144
6.91453E14	1118
6.91355E14	1254
6.91257E14	1553
6.91159E14	1475
6.91062E14	1328
6.90964E14	1382
6.90867E14	1352
6.90769E14	1492
6.90672E14	1702
6.90574E14	1469
6.90477E14	1416
6.90379E14	1405
6.90282E14	1298
6.90184E14	1217
6.90087E14	1525
6.8999E14	1731
6.89892E14	1508
6.89795E14	1366
6.89698E14	1344
6.896E14	1261
6.89503E14	1351
6.89406E14	1604
6.89309E14	1619
6.89212E14	1530
6.89115E14	1620
6.89018E14	1518
6.88921E14	1586
6.88824E14	1718
6.88727E14	1669
6.8863E14	1617
6.88533E14	1677
6.88436E14	1524
6.88339E14	1570
6.88242E14	1679
6.88145E14	1859
6.88048E14	1799
6.87952E14	1819
6.87855E14	1786
6.87758E14	1655
6.87662E14	1729
6.87565E14	1920
6.87468E14	1826
6.87372E14	1729
6.87275E14	1758
6.87179E14	1799
6.87082E14	1719
6.86986E14	1712
6.86889E14	1944
6.86793E14	1947
6.86696E14	1866
6.866E14	1617
6.86503E14	1657
6.86407E14	1893
6.86311E14	2126
6.86215E14	2056
6.86118E14	2129
6.86022E14	1899
6.85926E14	1835
6.8583E14	2033
6.85734E14	2349
6.85637E14	2136
6.85541E14	2093
6.85445E14	2100
6.85349E14	1998
6.85253E14	1967
6.85157E14	2022
6.85061E14	2268
6.84965E14	2209
6.84869E14	2255
6.84774E14	2071
6.84678E14	2015
6.84582E14	2105
6.84486E14	2460
6.8439E14	2481
6.84295E14	2228
6.84199E14	2255
6.84103E14	2352
6.84008E14	2198
6.83912E14	2497
6.83816E14	2806
6.83721E14	2816
6.83625E14	2501
6.8353E14	2402
6.83434E14	2351
6.83339E14	2486
6.83243E14	2717
6.83148E14	2690
6.83052E14	2600
6.82957E14	2672
6.82862E14	2447
6.82766E14	2653
6.82671E14	2887
6.82576E14	2709
6.82481E14	2702
6.82385E14	2787
6.8229E14	2794
6.82195E14	2652
6.821E14	2859
6.82005E14	3193
6.8191E14	2982
6.81815E14	2907
6.8172E14	2930
6.81625E14	2677
6.8153E14	2942
6.81435E14	3327
6.8134E14	2999
6.81245E14	3066
6.8115E14	3194
6.81055E14	3175
6.8096E14	3110
6.80866E14	3161
6.80771E14	3351
6.80676E14	3483
6.80581E14	3279
6.80487E14	3170
6.80392E14	3244
6.80298E14	3504
6.80203E14	3497
6.80108E14	3357
6.80014E14	3485
6.79919E14	3487
6.79825E14	3491
6.7973E14	3469
6.79636E14	4165
6.79541E14	3909
6.79447E14	3655
6.79353E14	3672
6.79258E14	3737
6.79164E14	3757
6.7907E14	3907
6.78976E14	3967
6.78881E14	3927
6.78787E14	3900
6.78693E14	3854
6.78599E14	3790
6.78505E14	4225
6.78411E14	4463
6.78316E14	4308
6.78222E14	4183
6.78128E14	4337
6.78034E14	4095
6.7794E14	4129
6.77846E14	4421
6.77753E14	4581
6.77659E14	4476
6.77565E14	4393
6.77471E14	4462
6.77377E14	4469
6.77283E14	4755
6.7719E14	4839
6.77096E14	4838
6.77002E14	4802
6.76908E14	4777
6.76815E14	4611
6.76721E14	4996
6.76628E14	5175
6.76534E14	5021
6.7644E14	5388
6.76347E14	5166
6.76253E14	5126
6.7616E14	5017
6.76066E14	5307
6.75973E14	5559
6.7588E14	5452
6.75786E14	5516
6.75693E14	5502
6.756E14	5475
6.75506E14	5496
6.75413E14	5851
6.7532E14	5886
6.75227E14	5832
6.75133E14	5735
6.7504E14	5742
6.74947E14	5733
6.74854E14	6048
6.74761E14	6290
6.74668E14	6293
6.74575E14	6181
6.74482E14	6347
6.74389E14	6357
6.74296E14	6279
6.74203E14	6945
6.7411E14	6632
6.74017E14	6591
6.73924E14	6699
6.73831E14	6523
6.73738E14	6660
6.73646E14	7125
6.73553E14	7059
6.7346E14	7208
6.73367E14	7335
6.73275E14	7223
6.73182E14	7204
6.7309E14	7076
6.72997E14	7676
6.72904E14	7981
6.72812E14	7460
6.72719E14	7441
6.72627E14	7700
6.72534E14	7819
6.72442E14	8149
6.72349E14	8244
6.72257E14	8262
6.72165E14	8152
6.72072E14	8218
6.7198E14	8304
6.71888E14	8388
6.71795E14	8671
6.71703E14	8450
6.71611E14	8691
6.71519E14	8929
6.71427E14	8651
6.71334E14	8780
6.71242E14	9248
6.7115E14	9424
6.71058E14	9250
6.70966E14	9448
6.70874E14	9321
6.70782E14	9601
6.7069E14	10047
6.70598E14	10047
6.70506E14	9802
6.70414E14	9959
6.70322E14	10279
6.70231E14	9868
6.70139E14	10437
6.70047E14	10815
6.69955E14	10595
6.69863E14	10583
6.69772E14	10539
6.6968E14	10848
6.69588E14	10841
6.69497E14	11247
6.69405E14	11484
6.69313E14	11204
6.69222E14	11503
6.6913E14	11632
6.69039E14	11695
6.68947E14	11790
6.68856E14	11961
6.68764E14	12140
6.68673E14	12143
6.68582E14	11978
6.6849E14	12384
6.68399E14	12853
6.68308E14	12859
6.68216E14	12917
6.68125E14	13112
6.68034E14	13151
6.67943E14	12869
6.67851E14	13642
6.6776E14	13803
6.67669E14	13834
6.67578E14	13904
6.67487E14	14103
6.67396E14	14122
6.67305E14	14368
6.67214E14	14722
6.67123E14	15359
6.67032E14	15197
6.66941E14	15331
6.6685E14	15284
6.66759E14	15163
6.66668E14	15682
6.66577E14	16179
6.66486E14	16051
6.66396E14	16488
6.66305E14	16377
6.66214E14	16022
6.66123E14	16209
6.66033E14	17316
6.65942E14	17837
6.65851E14	17308
6.65761E14	17390
6.6567E14	17599
6.6558E14	17572
6.65489E14	18495
6.65398E14	19072
6.65308E14	18824
6.65217E14	18859
6.65127E14	19330
6.65037E14	19311
6.64946E14	19724
6.64856E14	20277
6.64765E14	20436
6.64675E14	20227
6.64585E14	20655
6.64495E14	20524
6.64404E14	20619
6.64314E14	21574
6.64224E14	22382
6.64134E14	22358
6.64044E14	22427
6.63953E14	22421
6.63863E14	23034
6.63773E14	23193
6.63683E14	23717
6.63593E14	24208
6.63503E14	23832
6.63413E14	24692
6.63323E14	24334
6.63233E14	23086
6.63143E14	22770
6.63053E14	24928
6.62964E14	26229
6.62874E14	26179
6.62784E14	26255
6.62694E14	26648
6.62604E14	27134
6.62515E14	27931
6.62425E14	27813
6.62335E14	27900
6.62246E14	28090
6.62156E14	28330
6.62066E14	29141
6.61977E14	29565
6.61887E14	30330
6.61798E14	30875
6.61708E14	30094
6.61618E14	31031
6.61529E14	31408
6.6144E14	31636
6.6135E14	32613
6.61261E14	33272
6.61171E14	32833
6.61082E14	32766
6.60993E14	33918
6.60903E14	34389
6.60814E14	34593
6.60725E14	35119
6.60636E14	35571
6.60546E14	35914
6.60457E14	36085
6.60368E14	36118
6.60279E14	36882
6.6019E14	38023
6.60101E14	38179
6.60012E14	37777
6.59923E14	37854
6.59834E14	39075
6.59745E14	39424
6.59656E14	40085
6.59567E14	40330
6.59478E14	39990
6.59389E14	41249
6.593E14	41144
6.59211E14	41736
6.59122E14	42969
6.59033E14	42877
6.58945E14	43312
6.58856E14	43695
6.58767E14	43217
6.58678E14	45122
6.5859E14	45970
6.58501E14	45871
6.58413E14	46751
6.58324E14	46910
6.58235E14	46854
6.58147E14	47596
6.58058E14	47393
6.5797E14	48568
6.57881E14	48524
6.57793E14	49296
6.57704E14	49958
6.57616E14	49793
6.57527E14	50726
6.57439E14	51457
6.57351E14	52509
6.57262E14	52942
6.57174E14	52924
6.57086E14	53766
6.56998E14	54117
6.56909E14	54420
6.56821E14	54931
6.56733E14	55990
6.56645E14	56253
6.56557E14	56346
6.56469E14	56279
6.5638E14	57945
6.56292E14	58521
6.56204E14	58685
6.56116E14	59390
6.56028E14	59644
6.5594E14	60129
6.55852E14	60755
6.55765E14	61268
6.55677E14	61473
6.55589E14	62046
6.55501E14	63780
6.55413E14	62647
6.55325E14	64060
6.55237E14	66191
6.5515E14	65557
6.55062E14	65607
6.54974E14	65689
6.54887E14	67653
6.54799E14	68096
6.54711E14	67749
6.54624E14	67751
6.54536E14	70108
6.54448E14	69966
6.54361E14	69754
6.54273E14	72144
6.54186E14	70408
6.54098E14	71769
6.54011E14	73629
6.53924E14	72734
6.53836E14	73709
6.53749E14	75301
6.53661E14	74563
6.53574E14	75320
6.53487E14	76450
6.53399E14	75996
6.53312E14	77956
6.53225E14	78858
6.53138E14	77836
6.53051E14	78658
6.52963E14	80327
6.52876E14	81266
6.52789E14	80732
6.52702E14	81104
6.52615E14	82494
6.52528E14	83400
6.52441E14	83136
6.52354E14	83903
6.52267E14	84854
6.5218E14	85649
6.52093E14	85975
6.52006E14	86230
6.51919E14	87363
6.51832E14	87175
6.51745E14	89188
6.51659E14	90114
6.51572E14	90260
6.51485E14	90741
6.51398E14	90848
6.51311E14	92049
6.51225E14	92638
6.51138E14	93083
6.51051E14	93184
6.50965E14	94004
6.50878E14	94114
6.50792E14	94915
6.50705E14	95759
6.50618E14	96365
6.50532E14	97005
6.50445E14	96893
6.50359E14	96992
6.50272E14	97969
6.50186E14	98529
6.501E14	99831
6.50013E14	100204
6.49927E14	100066
6.49841E14	100768
6.49754E14	101918
6.49668E14	102049
6.49582E14	102836
6.49495E14	102788
6.49409E14	103964
6.49323E14	104822
6.49237E14	104254
6.49151E14	104740
6.49064E14	105653
6.48978E14	105241
6.48892E14	105685
6.48806E14	106857
6.4872E14	106998
6.48634E14	107551
6.48548E14	107635
6.48462E14	108629
6.48376E14	109703
6.4829E14	108876
6.48204E14	110126
6.48118E14	109839
6.48033E14	110989
6.47947E14	111483
6.47861E14	110790
6.47775E14	112073
6.47689E14	111803
6.47604E14	111920
6.47518E14	112232
6.47432E14	112823
6.47347E14	113453
6.47261E14	113785
6.47175E14	114284
6.4709E14	114656
6.47004E14	113775
6.46918E14	114303
6.46833E14	116496
6.46747E14	114640
6.46662E14	115543
6.46576E14	116538
6.46491E14	115459
6.46406E14	117357
6.4632E14	117948
6.46235E14	118073
6.46149E14	118621
6.46064E14	118002
6.45979E14	119706
6.45893E14	119596
6.45808E14	119822
6.45723E14	119627
6.45638E14	119821
6.45552E14	120626
6.45467E14	119520
6.45382E14	119041
6.45297E14	121528
6.45212E14	122899
6.45127E14	122099
6.45042E14	120887
6.44957E14	121682
6.44872E14	122399
6.44787E14	121770
6.44702E14	122858
6.44617E14	122929
6.44532E14	123611
6.44447E14	123578
6.44362E14	122447
6.44277E14	124541
6.44192E14	123592
6.44107E14	124377
6.44023E14	124284
6.43938E14	123770
6.43853E14	125198
6.43768E14	124784
6.43684E14	125110
6.43599E14	124380
6.43514E14	124403
6.4343E14	126505
6.43345E14	125045
6.4326E14	124778
6.43176E14	125678
6.43091E14	125420
6.43007E14	127303
6.42922E14	127378
6.42838E14	122546
6.42753E14	124919
6.42669E14	126988
6.42584E14	122567
6.425E14	127213
6.42416E14	127506
6.42331E14	126079
6.42247E14	125569
6.42163E14	126097
6.42078E14	125401
6.41994E14	124322
6.4191E14	126406
6.41826E14	126321
6.41741E14	126752
6.41657E14	125934
6.41573E14	124701
6.41489E14	124829
6.41405E14	126208
6.41321E14	125422
6.41237E14	126201
6.41153E14	126257
6.41068E14	125096
6.40984E14	126064
6.409E14	123832
6.40817E14	125985
6.40733E14	126698
6.40649E14	123660
6.40565E14	124545
6.40481E14	125223
6.40397E14	123362
6.40313E14	123239
6.40229E14	125326
6.40146E14	124376
6.40062E14	122835
6.39978E14	123819
6.39894E14	123655
6.39811E14	122803
6.39727E14	123557
6.39643E14	123205
6.3956E14	123272
6.39476E14	122290
6.39393E14	122639
6.39309E14	123182
6.39225E14	122761
6.39142E14	122116
6.39058E14	121912
6.38975E14	122204
6.38891E14	121397
6.38808E14	120139
6.38725E14	121065
6.38641E14	120818
6.38558E14	119991
6.38475E14	119916
6.38391E14	120310
6.38308E14	119122
6.38225E14	119511
6.38141E14	119488
6.38058E14	118816
6.37975E14	118500
6.37892E14	118414
6.37809E14	117329
6.37725E14	117603
6.37642E14	117868
6.37559E14	116996
6.37476E14	115513
6.37393E14	117303
6.3731E14	117846
6.37227E14	114813
6.37144E14	115690
6.37061E14	115792
6.36978E14	115880
6.36895E14	115182
6.36812E14	115244
6.36729E14	114593
6.36646E14	113292
6.36564E14	114146
6.36481E14	113942
6.36398E14	113567
6.36315E14	112132
6.36232E14	112807
6.3615E14	112328
6.36067E14	111633
6.35984E14	111737
6.35901E14	110083
6.35819E14	109886
6.35736E14	109892
6.35654E14	109931
6.35571E14	109387
6.35488E14	107474
6.35406E14	107898
6.35323E14	107221
6.35241E14	107047
6.35158E14	106827
6.35076E14	105980
6.34993E14	106038
6.34911E14	106358
6.34829E14	105589
6.34746E14	104721
6.34664E14	104549
6.34582E14	104952
6.34499E14	103452
6.34417E14	103745
6.34335E14	102995
6.34252E14	102199
6.3417E14	101705
6.34088E14	100870
6.34006E14	100426
6.33924E14	99880
6.33842E14	99438
6.33759E14	99176
6.33677E14	98751
6.33595E14	98258
6.33513E14	97894
6.33431E14	97373
6.33349E14	97529
6.33267E14	96890
6.33185E14	96302
6.33103E14	96681
6.33021E14	95566
6.32939E14	95733
6.32857E14	95338
6.32776E14	94332
6.32694E14	92677
6.32612E14	93080
6.3253E14	93008
6.32448E14	92876
6.32367E14	92020
6.32285E14	92061
6.32203E14	90986
6.32121E14	89256
6.3204E14	88762
6.31958E14	88716
6.31876E14	89079
6.31795E14	87798
6.31713E14	87944
6.31632E14	87708
6.3155E14	86409
6.31469E14	86822
6.31387E14	86377
6.31306E14	86462
6.31224E14	85209
6.31143E14	83955
6.31061E14	84249
6.3098E14	83914
6.30898E14	83749
6.30817E14	83524
6.30736E14	83031
6.30654E14	82385
6.30573E14	81897
6.30492E14	82144
6.30411E14	81108
6.30329E14	80294
6.30248E14	79584
6.30167E14	80173
6.30086E14	79565
6.30005E14	79131
6.29924E14	78954
6.29842E14	77648
6.29761E14	78037
6.2968E14	77947
6.29599E14	76387
6.29518E14	76015
6.29437E14	76125
6.29356E14	76343
6.29275E14	75863
6.29194E14	74883
6.29113E14	74322
6.29032E14	73850
6.28952E14	73116
6.28871E14	72425
6.2879E14	71896
6.28709E14	72054
6.28628E14	50670
6.28548E14	69690
6.28467E14	72844
6.28386E14	73490
6.28305E14	74008
6.28225E14	71432
6.28144E14	71641
6.28063E14	72602
6.27983E14	70662
6.27902E14	71202
6.27821E14	70767
6.27741E14	69625
6.2766E14	69300
6.2758E14	70579
6.27499E14	69485
6.27419E14	68225
6.27338E14	69196
6.27258E14	67864
6.27177E14	67099
6.27097E14	67420
6.27017E14	67220
6.26936E14	66377
6.26856E14	64956
6.26776E14	65514
6.26695E14	65832
6.26615E14	65720
6.26535E14	64160
6.26455E14	63888
6.26374E14	62626
6.26294E14	64195
6.26214E14	63798
6.26134E14	62974
6.26054E14	62797
6.25974E14	61512
6.25893E14	60548
6.25813E14	62626
6.25733E14	61442
6.25653E14	60106
6.25573E14	60510
6.25493E14	59976
6.25413E14	59912
6.25333E14	59456
6.25253E14	58986
6.25174E14	58946
6.25094E14	59336
6.25014E14	58292
6.24934E14	57108
6.24854E14	58417
6.24774E14	57732
6.24695E14	56240
6.24615E14	56992
6.24535E14	56220
6.24455E14	55651
6.24376E14	59240
6.24296E14	56873
6.24216E14	57276
6.24137E14	56688
6.24057E14	57118
6.23977E14	56607
6.23898E14	54807
6.23818E14	56235
6.23739E14	56055
6.23659E14	54720
6.2358E14	54495
6.235E14	54699
6.23421E14	54135
6.23341E14	53834
6.23262E14	54024
6.23182E14	52694
6.23103E14	52805
6.23024E14	52599
6.22944E14	52626
6.22865E14	50988
6.22786E14	51627
6.22706E14	51492
6.22627E14	51109
6.22548E14	50805
6.22469E14	51564
6.22389E14	51181
6.2231E14	49646
6.22231E14	50444
6.22152E14	49980
6.22073E14	49479
6.21994E14	49438
6.21915E14	49471
6.21836E14	48674
6.21757E14	48827
6.21678E14	49474
6.21599E14	47867
6.2152E14	47776
6.21441E14	48587
6.21362E14	47507
6.21283E14	47138
6.21204E14	48347
6.21125E14	46673
6.21046E14	46505
6.20967E14	47095
6.20888E14	45482
6.2081E14	46237
6.20731E14	46105
6.20652E14	45564
6.20573E14	45103
6.20495E14	45031
6.20416E14	45106
6.20337E14	43566
6.20259E14	44512
6.2018E14	45276
6.20101E14	43804
6.20023E14	43028
6.19944E14	43164
6.19866E14	43842
6.19787E14	43104
6.19709E14	42715
6.1963E14	43292
6.19552E14	43082
6.19473E14	41496
6.19395E14	42183
6.19316E14	41762
6.19238E14	40822
6.19159E14	42021
6.19081E14	40438
6.19003E14	40787
6.18924E14	41164
6.18846E14	39749
6.18768E14	40164
6.1869E14	39916
6.18611E14	39732
6.18533E14	39556
6.18455E14	39203
6.18377E14	39434
6.18299E14	38779
6.1822E14	38685
6.18142E14	38124
6.18064E14	37824
6.17986E14	38059
6.17908E14	37972
6.1783E14	36843
6.17752E14	37181
6.17674E14	37852
6.17596E14	37057
6.17518E14	36220
6.1744E14	36363
6.17362E14	35859
6.17284E14	35838
6.17206E14	35404
6.17129E14	36014
6.17051E14	35483
6.16973E14	34034
6.16895E14	34985
6.16817E14	34515
6.16739E14	33399
6.16662E14	34075
6.16584E14	33990
6.16506E14	32205
6.16429E14	32462
6.16351E14	33285
6.16273E14	32216
6.16196E14	32697
6.16118E14	32354
6.1604E14	32152
6.15963E14	31528
6.15885E14	30588
6.15808E14	31424
6.1573E14	31325
6.15653E14	31428
6.15575E14	30578
6.15498E14	30161
6.1542E14	30416
6.15343E14	28585
6.15266E14	28841
6.15188E14	30315
6.15111E14	29296
6.15033E14	27750
6.14956E14	28039
6.14879E14	27953
6.14802E14	29576
6.14724E14	27921
6.14647E14	27442
6.1457E14	28435
6.14493E14	26782
6.14415E14	27343
6.14338E14	27137
6.14261E14	26110
6.14184E14	26676
6.14107E14	26079
6.1403E14	25844
6.13953E14	25965
6.13876E14	25313
6.13799E14	25160
6.13722E14	25573
6.13645E14	25503
6.13568E14	23963
6.13491E14	24671
6.13414E14	24495
6.13337E14	23842
6.1326E14	24526
6.13183E14	23556
6.13106E14	23266
6.13029E14	23010
6.12953E14	22961
6.12876E14	22584
6.12799E14	22294
6.12722E14	23026
6.12646E14	23174
6.12569E14	22516
6.12492E14	21136
6.12415E14	22092
6.12339E14	22672
6.12262E14	22042
6.12186E14	20845
6.12109E14	21546
6.12032E14	21716
6.11956E14	20377
6.11879E14	21303
6.11803E14	20521
6.11726E14	20973
6.1165E14	21627
6.11573E14	20713
6.11497E14	19448
6.1142E14	19071
6.11344E14	19270
6.11268E14	20458
6.11191E14	20405
6.11115E14	19164
6.11038E14	19224
6.10962E14	18884
6.10886E14	19396
6.1081E14	19738
6.10733E14	18062
6.10657E14	18005
6.10581E14	19542
6.10505E14	18453
6.10428E14	17389
6.10352E14	18513
6.10276E14	18726
6.102E14	17649
6.10124E14	17353
6.10048E14	18382
6.09972E14	16554
6.09896E14	17160
6.0982E14	17308
6.09744E14	16673
6.09668E14	15918
6.09592E14	16712
6.09516E14	16517
6.0944E14	15223
6.09364E14	16244
6.09288E14	16864
6.09212E14	16091
6.09136E14	15495
6.0906E14	15601
6.08984E14	15647
6.08909E14	15312
6.08833E14	14867
6.08757E14	15209
6.08681E14	15818
6.08606E14	14842
6.0853E14	14669
6.08454E14	15027
6.08379E14	14808
6.08303E14	15287
6.08227E14	14765
6.08152E14	14065
6.08076E14	14254
6.08E14	13949
6.07925E14	14384
6.07849E14	14544
6.07774E14	14071
6.07698E14	13602
6.07623E14	14217
6.07547E14	13270
6.07472E14	13633
6.07396E14	14222
6.07321E14	13317
6.07246E14	12992
6.0717E14	13411
6.07095E14	13117
6.0702E14	12721
6.06944E14	11849
6.06869E14	12635
6.06794E14	13573
6.06718E14	12250
6.06643E14	11855
6.06568E14	12307
6.06493E14	12471
6.06418E14	12535
6.06342E14	11892
6.06267E14	11899
6.06192E14	12256
6.06117E14	11380
6.06042E14	11604
6.05967E14	11744
6.05892E14	11558
6.05817E14	11432
6.05742E14	11095
6.05667E14	10811
6.05592E14	11004
6.05517E14	11270
6.05442E14	11098
6.05367E14	11626
6.05292E14	10573
6.05217E14	10404
6.05142E14	10814
6.05067E14	10284
6.04993E14	10456
6.04918E14	10121
6.04843E14	10207
6.04768E14	10024
6.04693E14	9908
6.04619E14	9830
6.04544E14	9904
6.04469E14	9949
6.04395E14	10166
6.0432E14	9340
6.04245E14	9540
6.04171E14	9703
6.04096E14	9265
6.04021E14	9690
6.03947E14	9523
6.03872E14	8830
6.03798E14	9192
6.03723E14	8835
6.03649E14	8593
6.03574E14	9071
6.035E14	9809
6.03425E14	9095
6.03351E14	8466
6.03276E14	8695
6.03202E14	8325
6.03128E14	8406
6.03053E14	9126
6.02979E14	9142
6.02905E14	8665
6.0283E14	8241
6.02756E14	8166
6.02682E14	8448
6.02608E14	8563
6.02533E14	8155
6.02459E14	8042
6.02385E14	8177
6.02311E14	7754
6.02237E14	7700
6.02162E14	8093
6.02088E14	8447
6.02014E14	7983
6.0194E14	8024
6.01866E14	7541
6.01792E14	7410
6.01718E14	7830
6.01644E14	7859
6.0157E14	7148
6.01496E14	7429
6.01422E14	7477
6.01348E14	7068
6.01274E14	7140
6.012E14	7862
6.01126E14	7544
6.01053E14	7231
6.00979E14	7247
6.00905E14	6915
6.00831E14	6595
6.00757E14	6938
6.00684E14	7091
6.0061E14	7025
6.00536E14	6850
6.00462E14	6607
6.00389E14	6431
6.00315E14	6609
6.00241E14	7035
6.00168E14	6754
6.00094E14	6616
6.0002E14	6644
5.99947E14	6395
5.99873E14	6250
5.998E14	6260
5.99726E14	6660
5.99653E14	6733
5.99579E14	6499
5.99506E14	6018
5.99432E14	6073
5.99359E14	6250
5.99285E14	6566
5.99212E14	5994
5.99138E14	6116
5.99065E14	6000
5.98992E14	5803
5.98918E14	5966
5.98845E14	6191
5.98772E14	5852
5.98699E14	5932
5.98625E14	5872
5.98552E14	5557
5.98479E14	5476
5.98406E14	5782
5.98332E14	5918
5.98259E14	5578
5.98186E14	5703
5.98113E14	5599
5.9804E14	5410
5.97967E14	5506
5.97894E14	5631
5.9782E14	5475
5.97747E14	5479
5.97674E14	5362
5.97601E14	5077
5.97528E14	4988
5.97455E14	5519
5.97382E14	5663
5.97309E14	5222
5.97237E14	5392
5.97164E14	4969
5.97091E14	4880
5.97018E14	4954
5.96945E14	5482
5.96872E14	5135
5.96799E14	4954
5.96727E14	5059
5.96654E14	4856
5.96581E14	4878
5.96508E14	4822
5.96436E14	4627
5.96363E14	4736
5.9629E14	4592
5.96217E14	4860
5.96145E14	4462
5.96072E14	4843
5.95999E14	4773
5.95927E14	4596
5.95854E14	4704
5.95782E14	4686
5.95709E14	4236
5.95637E14	4499
5.95564E14	4878
5.95492E14	4562
5.95419E14	4458
5.95347E14	4510
5.95274E14	4534
5.95202E14	4209
5.95129E14	4410
5.95057E14	4537
5.94985E14	4253
5.94912E14	4329
5.9484E14	4087
5.94768E14	3918
5.94695E14	4154
5.94623E14	4295
5.94551E14	4109
5.94478E14	4065
5.94406E14	4199
5.94334E14	3685
5.94262E14	3876
5.9419E14	4256
5.94117E14	4061
5.94045E14	3829
5.93973E14	3736
5.93901E14	3661
5.93829E14	3470
5.93757E14	3887
5.93685E14	3978
5.93613E14	3922
5.93541E14	3830
5.93469E14	3744
5.93397E14	3510
5.93325E14	3577
5.93253E14	4004
5.93181E14	3881
5.93109E14	3888
5.93037E14	3697
5.92965E14	3515
5.92893E14	3540
5.92821E14	3533
5.92749E14	3689
5.92678E14	3642
5.92606E14	3745
5.92534E14	3538
5.92462E14	3246
5.92391E14	3304
5.92319E14	3763
5.92247E14	3497
5.92175E14	3477
5.92104E14	3434
5.92032E14	3018
5.9196E14	3171
5.91889E14	3529
5.91817E14	3217
5.91746E14	3248
5.91674E14	3121
5.91602E14	3027
5.91531E14	3110
5.91459E14	3163
5.91388E14	3479
5.91316E14	3076
5.91245E14	3009
5.91173E14	3155
5.91102E14	3048
5.91031E14	3082
5.90959E14	3131
5.90888E14	3088
5.90816E14	3012
5.90745E14	3071
5.90674E14	2886
5.90602E14	2777
5.90531E14	2884
5.9046E14	3090
5.90389E14	2999
5.90317E14	3000
5.90246E14	2843
5.90175E14	2619
5.90104E14	2621
5.90033E14	3182
5.89961E14	3029
5.8989E14	2960
5.89819E14	2962
5.89748E14	2644
5.89677E14	2631
5.89606E14	3196
5.89535E14	2741
5.89464E14	2644
5.89393E14	2668
5.89322E14	2702
5.89251E14	2404
5.8918E14	2641
5.89109E14	2923
5.89038E14	2426
5.88967E14	2684
5.88896E14	2673
5.88825E14	2500
5.88754E14	2505
5.88683E14	2804
5.88613E14	2674
5.88542E14	2485
5.88471E14	2479
5.884E14	2389
5.88329E14	2489
5.88259E14	2582
5.88188E14	2691
5.88117E14	2644
5.88046E14	2469
5.87976E14	2327
5.87905E14	2166
5.87834E14	2208
5.87764E14	2566
5.87693E14	2306
5.87623E14	2294
5.87552E14	2315
5.87481E14	1941
5.87411E14	2190
5.8734E14	2430
5.8727E14	2301
5.87199E14	2398
5.87129E14	2246
5.87058E14	2100
5.86988E14	1922
5.86918E14	2172
5.86847E14	2685
5.86777E14	2412
5.86706E14	2107
5.86636E14	2113
5.86566E14	1937
5.86495E14	1942
5.86425E14	2479
5.86355E14	2232
5.86284E14	2194
5.86214E14	2043
5.86144E14	2153
5.86074E14	1889
5.86003E14	2105
5.85933E14	2254
5.85863E14	2073
5.85793E14	1958
5.85723E14	2027
5.85653E14	1809
5.85583E14	2086
5.85512E14	2203
5.85442E14	2018
5.85372E14	2172
5.85302E14	2017
5.85232E14	1827
5.85162E14	1819
5.85092E14	2205
5.85022E14	2020
5.84952E14	1972
5.84882E14	2006
5.84812E14	2018
5.84743E14	1752
5.84673E14	1863
5.84603E14	2243
5.84533E14	1898
5.84463E14	1771
5.84393E14	1744
5.84323E14	1539
5.84254E14	1826
5.84184E14	2100
5.84114E14	1869
5.84044E14	1859
5.83975E14	1943
5.83905E14	1635
5.83835E14	1620
5.83766E14	1854
5.83696E14	1952
5.83626E14	1822
5.83557E14	1736
5.83487E14	1697
5.83417E14	1399
5.83348E14	1685
5.83278E14	1972
5.83209E14	1679
5.83139E14	1606
5.8307E14	1892
5.83E14	1553
5.82931E14	1585
5.82861E14	2004
5.82792E14	1712
5.82722E14	1594
5.82653E14	1613
5.82584E14	1567
5.82514E14	1412
5.82445E14	1637
5.82376E14	1814
5.82306E14	1824
5.82237E14	1653
5.82168E14	1646
5.82098E14	1362
5.82029E14	1689
5.8196E14	1932
5.81891E14	1650
5.81821E14	1557
5.81752E14	1537
5.81683E14	1457
5.81614E14	1444
5.81545E14	1478
5.81476E14	1734
5.81406E14	1520
5.81337E14	1602
5.81268E14	1622
5.81199E14	1330
5.8113E14	1384
5.81061E14	1671
5.80992E14	1508
5.80923E14	1425
5.80854E14	1542
5.80785E14	1242
5.80716E14	1519
5.80647E14	1848
5.80578E14	1596
5.80509E14	1450
5.80441E14	1486
5.80372E14	1353
5.80303E14	1172
5.80234E14	1297
5.80165E14	1726
5.80096E14	1492
5.80028E14	1420
5.79959E14	1327
5.7989E14	1093
5.79821E14	1403
5.79753E14	1802
5.79684E14	1466
5.79615E14	1354
5.79547E14	1341
5.79478E14	1317
5.79409E14	1162
5.79341E14	1228
5.79272E14	1456
5.79203E14	1340
5.79135E14	1336
5.79066E14	1235
5.78998E14	1133
5.78929E14	1279
5.78861E14	1640
5.78792E14	1476
5.78724E14	1371
5.78655E14	1307
5.78587E14	1244
5.78518E14	1261
5.7845E14	1534
5.78382E14	1288
5.78313E14	1275
5.78245E14	1206
5.78177E14	1146
5.78108E14	1054
5.7804E14	1273
5.77972E14	1554
5.77903E14	1527
5.77835E14	1478
5.77767E14	1195
5.77699E14	1107
5.7763E14	1231
5.77562E14	1439
5.77494E14	1281
5.77426E14	1218
5.77358E14	1066
5.7729E14	1211
5.77221E14	1045
5.77153E14	1203
5.77085E14	1660
5.77017E14	1279
5.76949E14	1212
5.76881E14	1100
5.76813E14	845
5.76745E14	1114
5.76677E14	1585
5.76609E14	1350
5.76541E14	1134
5.76473E14	1076
5.76405E14	1018
5.76337E14	1153
5.76269E14	1487
5.76201E14	1324
5.76134E14	1069
5.76066E14	1077
5.75998E14	1067
5.7593E14	1122
5.75862E14	1205
5.75795E14	1433
5.75727E14	1275
5.75659E14	1269
5.75591E14	1144
5.75524E14	1035
5.75456E14	1196
5.75388E14	1535
5.7532E14	1110
5.75253E14	1105
5.75185E14	1166
5.75118E14	1158
5.7505E14	1107
5.74982E14	1330
5.74915E14	1445
5.74847E14	1192
5.7478E14	1225
5.74712E14	1073
5.74645E14	819
5.74577E14	1181
5.7451E14	1391
5.74442E14	1212
5.74375E14	1625
5.74307E14	1161
5.7424E14	900
5.74172E14	945
5.74105E14	1314
5.74038E14	1056
5.7397E14	1101
5.73903E14	1190
5.73836E14	977
5.73768E14	851
5.73701E14	1026
5.73634E14	1199
5.73567E14	1096
5.73499E14	1031
5.73432E14	932
5.73365E14	785
5.73298E14	1045
5.7323E14	1254
5.73163E14	1298
5.73096E14	1036
5.73029E14	1118
5.72962E14	979
5.72895E14	801
5.72828E14	956
5.72761E14	1161
5.72694E14	1287
5.72627E14	1054
5.72559E14	964
5.72492E14	700
5.72425E14	1074
5.72359E14	1332
5.72292E14	1270
5.72225E14	1047
5.72158E14	947
5.72091E14	812
5.72024E14	915
5.71957E14	1203
5.7189E14	1045
5.71823E14	950
5.71756E14	911
5.7169E14	1122
5.71623E14	978
5.71556E14	1049
5.71489E14	1191
5.71422E14	1055
5.71356E14	1035
5.71289E14	933
5.71222E14	782
5.71156E14	938
5.71089E14	1142
5.71022E14	1143
5.70956E14	1109
5.70889E14	1001
5.70822E14	974
5.70756E14	912
5.70689E14	916
5.70623E14	1285
5.70556E14	1056
5.70489E14	960
5.70423E14	798
5.70356E14	654
5.7029E14	817
5.70223E14	1136
5.70157E14	946
5.70091E14	1227
5.70024E14	1025
5.69958E14	647
5.69891E14	777
5.69825E14	1216
5.69758E14	1118
5.69692E14	919
5.69626E14	860
5.69559E14	877
5.69493E14	558
5.69427E14	756
5.69361E14	1039
5.69294E14	1068
5.69228E14	885
5.69162E14	772
5.69096E14	825
5.69029E14	836
5.68963E14	1066
5.68897E14	1193
5.68831E14	989
5.68765E14	941
5.68699E14	745
5.68633E14	675
5.68566E14	800
5.685E14	1088
5.68434E14	996
5.68368E14	920
5.68302E14	865
5.68236E14	893
5.6817E14	818
5.68104E14	812
5.68038E14	789
5.67972E14	759
5.67906E14	847
5.6784E14	778
5.67775E14	889
5.67709E14	1068
5.67643E14	893
5.67577E14	787
5.67511E14	788
5.67445E14	727
5.67379E14	581
5.67314E14	1290
5.67248E14	1151
5.67182E14	955
5.67116E14	868
5.6705E14	681
5.66985E14	602
5.66919E14	802
5.66853E14	1138
5.66788E14	840
5.66722E14	837
5.66656E14	916
5.66591E14	800
5.66525E14	536
5.6646E14	872
5.66394E14	1109
5.66328E14	848
5.66263E14	754
5.66197E14	773
5.66132E14	531
5.66066E14	697
5.66001E14	1141
5.65935E14	955
5.6587E14	785
5.65804E14	864
5.65739E14	654
5.65673E14	669
5.65608E14	1019
5.65543E14	905
5.65477E14	812
5.65412E14	823
5.65347E14	666
5.65281E14	552
5.65216E14	691
5.65151E14	1008
5.65085E14	814
5.6502E14	655
5.64955E14	821
5.6489E14	555
5.64824E14	672
5.64759E14	1022
5.64694E14	903
5.64629E14	843
5.64564E14	741
5.64498E14	604
5.64433E14	609
5.64368E14	799
5.64303E14	1023
5.64238E14	830
5.64173E14	808
5.64108E14	798
5.64043E14	494
5.63978E14	772
5.63913E14	928
5.63848E14	884
5.63783E14	755
5.63718E14	628
5.63653E14	608
5.63588E14	792
5.63523E14	1077
5.63458E14	1018
5.63393E14	825
5.63328E14	770
5.63263E14	627
5.63198E14	572
5.63134E14	704
5.63069E14	1129
5.63004E14	841
5.62939E14	790
5.62874E14	762
5.6281E14	593
5.62745E14	784
5.6268E14	1096
5.62615E14	833
5.62551E14	724
5.62486E14	727
5.62421E14	695
5.62357E14	538
5.62292E14	708
5.62227E14	936
5.62163E14	754
5.62098E14	795
5.62034E14	607
5.61969E14	407
5.61905E14	702
5.6184E14	951
5.61776E14	796
5.61711E14	697
5.61647E14	702
5.61582E14	460
5.61518E14	622
5.61453E14	992
5.61389E14	835
5.61324E14	765
5.6126E14	855
5.61195E14	588
5.61131E14	558
5.61067E14	601
5.61002E14	932
5.60938E14	732
5.60874E14	639
5.60809E14	780
5.60745E14	601
5.60681E14	648
5.60617E14	933
5.60552E14	764
5.60488E14	628
5.60424E14	694
5.6036E14	648
5.60296E14	547
5.60231E14	642
5.60167E14	892
5.60103E14	754
5.60039E14	746
5.59975E14	669
5.59911E14	526
5.59847E14	613
5.59783E14	1005
5.59719E14	680
5.59654E14	586
5.5959E14	598
5.59526E14	529
5.59462E14	578
5.59398E14	929
5.59335E14	761
5.59271E14	629
5.59207E14	611
5.59143E14	590
5.59079E14	567
5.59015E14	523
5.58951E14	919
5.58887E14	757
5.58823E14	756
5.58759E14	712
5.58696E14	536
5.58632E14	640
5.58568E14	964
5.58504E14	722
5.58441E14	784
5.58377E14	908
5.58313E14	670
5.58249E14	413
5.58186E14	550
5.58122E14	1073
5.58058E14	804
5.57995E14	820
5.57931E14	735
5.57867E14	488
5.57804E14	678
5.5774E14	930
5.57677E14	752
5.57613E14	772
5.57549E14	667
5.57486E14	479
5.57422E14	596
5.57359E14	936
5.57295E14	913
5.57232E14	1128
5.57168E14	860
5.57105E14	677
5.57041E14	485
5.56978E14	592
5.56915E14	911
5.56851E14	776
5.56788E14	788
5.56724E14	714
5.56661E14	691
5.56598E14	751
5.56534E14	916
5.56471E14	811
5.56408E14	656
5.56345E14	636
5.56281E14	722
5.56218E14	626
5.56155E14	615
5.56092E14	855
5.56028E14	714
5.55965E14	693
5.55902E14	758
5.55839E14	499
5.55776E14	687
5.55713E14	833
5.55649E14	676
5.55586E14	1794
5.55523E14	996
5.5546E14	410
5.55397E14	670
5.55334E14	851
5.55271E14	658
5.55208E14	731
5.55145E14	653
5.55082E14	665
5.55019E14	549
5.54956E14	697
5.54893E14	915
5.5483E14	788
5.54767E14	573
5.54704E14	502
5.54641E14	479
5.54578E14	704
5.54516E14	993
5.54453E14	736
5.5439E14	592
5.54327E14	716
5.54264E14	697
5.54201E14	499
5.54139E14	783
5.54076E14	999
5.54013E14	702
5.5395E14	725
5.53888E14	602
5.53825E14	494
5.53762E14	681
5.537E14	1099
5.53637E14	710
5.53574E14	655
5.53512E14	659
5.53449E14	611
5.53386E14	651
5.53324E14	1034
5.53261E14	760
5.53199E14	691
5.53136E14	551
5.53074E14	638
5.53011E14	559
5.52948E14	537
5.52886E14	984
5.52824E14	778
5.52761E14	814
5.52699E14	660
5.52636E14	465
5.52574E14	699
5.52511E14	974
5.52449E14	798
5.52387E14	671
5.52324E14	629
5.52262E14	581
5.52199E14	514
5.52137E14	611
5.52075E14	863
5.52012E14	729
5.5195E14	675
5.51888E14	599
5.51826E14	451
5.51763E14	656
5.51701E14	920
5.51639E14	732
5.51577E14	661
5.51515E14	636
5.51452E14	457
5.5139E14	456
5.51328E14	900
5.51266E14	764
5.51204E14	689
5.51142E14	815
5.5108E14	539
5.51018E14	344
5.50956E14	532
5.50893E14	1009
5.50831E14	884
5.50769E14	710
5.50707E14	626
5.50645E14	592
5.50583E14	783
5.50521E14	903
5.5046E14	656
5.50398E14	672
5.50336E14	720
5.50274E14	519
5.50212E14	467
5.5015E14	655
5.50088E14	928
5.50026E14	683
5.49964E14	734
5.49903E14	559
5.49841E14	576
5.49779E14	641
5.49717E14	1011
5.49655E14	756
5.49594E14	712
5.49532E14	735
5.4947E14	465
5.49408E14	638
5.49347E14	936
5.49285E14	615
5.49223E14	617
5.49162E14	743
5.491E14	594
5.49038E14	457
5.48977E14	772
5.48915E14	923
5.48854E14	627
5.48792E14	590
5.48731E14	610
5.48669E14	417
5.48607E14	539
5.48546E14	850
5.48484E14	718
5.48423E14	656
5.48361E14	642
5.483E14	560
5.48239E14	477
5.48177E14	583
5.48116E14	772
5.48054E14	763
5.47993E14	580
5.47931E14	508
5.4787E14	497
5.47809E14	624
5.47747E14	983
5.47686E14	736
5.47625E14	678
5.47563E14	684
5.47502E14	527
5.47441E14	757
5.4738E14	823
5.47318E14	673
5.47257E14	642
5.47196E14	649
5.47135E14	585
5.47074E14	536
5.47012E14	589
5.46951E14	826
5.4689E14	779
5.46829E14	576
5.46768E14	580
5.46707E14	467
5.46646E14	651
5.46584E14	937
5.46523E14	697
5.46462E14	728
5.46401E14	706
5.4634E14	572
5.46279E14	473
5.46218E14	754
5.46157E14	943
5.46096E14	714
5.46035E14	561
5.45974E14	451
5.45913E14	493
5.45853E14	641
5.45792E14	788
5.45731E14	778
5.4567E14	732
5.45609E14	751
5.45548E14	560
5.45487E14	687
5.45427E14	906
5.45366E14	674
5.45305E14	708
5.45244E14	713
5.45183E14	726
5.45123E14	513
5.45062E14	668
5.45001E14	889
5.4494E14	757
5.4488E14	582
5.44819E14	538
5.44758E14	333
5.44698E14	531
5.44637E14	904
5.44576E14	769
5.44516E14	775
5.44455E14	801
5.44395E14	738
5.44334E14	463
5.44273E14	555
5.44213E14	858
5.44152E14	744
5.44092E14	721
5.44031E14	497
5.43971E14	348
5.4391E14	710
5.4385E14	896
5.43789E14	689
5.43729E14	723
5.43669E14	616
5.43608E14	346
5.43548E14	558
5.43487E14	869
5.43427E14	843
5.43367E14	620
5.43306E14	667
5.43246E14	647
5.43186E14	492
5.43125E14	622
5.43065E14	4051
5.43005E14	2218
5.42944E14	667
5.42884E14	550
5.42824E14	403
5.42764E14	639
5.42703E14	990
5.42643E14	762
5.42583E14	614
5.42523E14	610
5.42463E14	695
5.42403E14	621
5.42342E14	490
5.42282E14	607
5.42222E14	675
5.42162E14	613
5.42102E14	532
5.42042E14	433
5.41982E14	552
5.41922E14	719
5.41862E14	827
5.41802E14	715
5.41742E14	621
5.41682E14	420
5.41622E14	609
5.41562E14	761
5.41502E14	715
5.41442E14	576
5.41382E14	571
5.41322E14	403
5.41262E14	464
5.41202E14	505
5.41142E14	865
5.41083E14	600
5.41023E14	536
5.40963E14	522
5.40903E14	453
5.40843E14	536
5.40783E14	874
5.40724E14	870
5.40664E14	809
5.40604E14	813
5.40544E14	518
5.40485E14	488
5.40425E14	666
5.40365E14	835
5.40306E14	719
5.40246E14	681
5.40186E14	564
5.40127E14	470
5.40067E14	784
5.40007E14	994
5.39948E14	827
5.39888E14	666
5.39829E14	636
5.39769E14	361
5.39709E14	758
5.3965E14	841
5.3959E14	626
5.39531E14	634
5.39471E14	699
5.39412E14	589
5.39352E14	492
5.39293E14	531
5.39233E14	814
5.39174E14	623
5.39115E14	519
5.39055E14	716
5.38996E14	441
5.38936E14	508
5.38877E14	842
5.38818E14	783
5.38758E14	712
5.38699E14	652
5.3864E14	606
5.3858E14	522
5.38521E14	509
5.38462E14	796
5.38403E14	598
5.38343E14	524
5.38284E14	486
5.38225E14	342
5.38166E14	544
5.38106E14	929
5.38047E14	568
5.37988E14	604
5.37929E14	699
5.3787E14	607
5.37811E14	662
5.37751E14	867
5.37692E14	694
5.37633E14	669
5.37574E14	702
5.37515E14	827
5.37456E14	558
5.37397E14	676
5.37338E14	984
5.37279E14	774
5.3722E14	597
5.37161E14	571
5.37102E14	477
5.37043E14	513
5.36984E14	827
5.36925E14	679
5.36866E14	590
5.36807E14	519
5.36748E14	521
5.36689E14	423
5.36631E14	720
5.36572E14	1130
5.36513E14	728
5.36454E14	598
5.36395E14	544
5.36336E14	466
5.36278E14	817
5.36219E14	793
5.3616E14	827
5.36101E14	632
5.36043E14	539
5.35984E14	421
5.35925E14	688
5.35866E14	929
5.35808E14	671
5.35749E14	649
5.3569E14	534
5.35632E14	600
5.35573E14	491
5.35514E14	594
5.35456E14	900
5.35397E14	721
5.35339E14	637
5.3528E14	516
5.35221E14	479
5.35163E14	542
5.35104E14	863
5.35046E14	724
5.34987E14	623
5.34929E14	610
5.3487E14	628
5.34812E14	449
5.34753E14	606
5.34695E14	959
5.34636E14	716
5.34578E14	637
5.3452E14	512
5.34461E14	429
5.34403E14	653
5.34344E14	888
5.34286E14	649
5.34228E14	636
5.34169E14	672
5.34111E14	443
5.34053E14	581
5.33994E14	862
5.33936E14	673
5.33878E14	701
5.3382E14	628
5.33761E14	549
5.33703E14	518
5.33645E14	662
5.33587E14	809
5.33528E14	599
5.3347E14	676
5.33412E14	651
5.33354E14	467
5.33296E14	569
5.33238E14	845
5.3318E14	614
5.33121E14	525
5.33063E14	649
5.33005E14	526
5.32947E14	523
5.32889E14	802
5.32831E14	889
5.32773E14	744
5.32715E14	571
5.32657E14	636
5.32599E14	490
5.32541E14	496
5.32483E14	786
5.32425E14	770
5.32367E14	760
5.32309E14	642
5.32251E14	405
5.32193E14	1499
5.32135E14	1087
5.32078E14	636
5.3202E14	629
5.31962E14	662
5.31904E14	585
5.31846E14	386
5.31788E14	761
5.31731E14	822
5.31673E14	748
5.31615E14	717
5.31557E14	633
5.31499E14	582
5.31442E14	586
5.31384E14	742
5.31326E14	674
5.31269E14	589
5.31211E14	736
5.31153E14	578
5.31096E14	397
5.31038E14	738
5.3098E14	839
5.30923E14	725
5.30865E14	701
5.30807E14	513
5.3075E14	422
5.30692E14	507
5.30635E14	952
5.30577E14	775
5.3052E14	744
5.30462E14	661
5.30404E14	503
5.30347E14	527
5.30289E14	938
5.30232E14	619
5.30175E14	639
5.30117E14	655
5.3006E14	580
5.30002E14	468
5.29945E14	725
5.29887E14	1017
5.2983E14	778
5.29773E14	686
5.29715E14	572
5.29658E14	394
5.29601E14	609
5.29543E14	990
5.29486E14	761
5.29429E14	730
5.29371E14	583
5.29314E14	512
5.29257E14	419
5.29199E14	636
5.29142E14	890
5.29085E14	640
5.29028E14	524
5.28971E14	589
5.28913E14	479
5.28856E14	614
5.28799E14	801
5.28742E14	679
5.28685E14	545
5.28628E14	674
5.2857E14	458
5.28513E14	566
5.28456E14	834
5.28399E14	781
5.28342E14	633
5.28285E14	678
5.28228E14	677
5.28171E14	462
5.28114E14	510
5.28057E14	1011
5.28E14	689
5.27943E14	590
5.27886E14	495
5.27829E14	429
5.27772E14	591
5.27715E14	840
5.27658E14	803
5.27601E14	606
5.27544E14	560
5.27487E14	575
5.27431E14	481
5.27374E14	665
5.27317E14	910
5.2726E14	674
5.27203E14	696
5.27146E14	580
5.2709E14	408
5.27033E14	512
5.26976E14	822
5.26919E14	547
5.26862E14	651
5.26806E14	615
5.26749E14	406
5.26692E14	630
5.26636E14	846
5.26579E14	782
5.26522E14	614
5.26466E14	508
5.26409E14	465
5.26352E14	504
5.26296E14	563
5.26239E14	878
5.26182E14	749
5.26126E14	723
5.26069E14	607
5.26013E14	420
5.25956E14	488
5.259E14	864
5.25843E14	558
5.25786E14	609
5.2573E14	621
5.25673E14	571
5.25617E14	450
5.25561E14	506
5.25504E14	875
5.25448E14	708
5.25391E14	752
5.25335E14	546
5.25278E14	412
5.25222E14	573
5.25166E14	837
5.25109E14	653
5.25053E14	651
5.24996E14	546
5.2494E14	389
5.24884E14	546
5.24827E14	900
5.24771E14	667
5.24715E14	464
5.24659E14	667
5.24602E14	553
5.24546E14	425
5.2449E14	679
5.24434E14	998
5.24377E14	708
5.24321E14	652
5.24265E14	572
5.24209E14	350
5.24153E14	521
5.24096E14	771
5.2404E14	611
5.23984E14	731
5.23928E14	604
5.23872E14	609
5.23816E14	444
5.2376E14	743
5.23704E14	943
5.23648E14	652
5.23592E14	599
5.23536E14	530
5.23479E14	426
5.23423E14	549
5.23367E14	788
5.23311E14	668
5.23256E14	655
5.232E14	628
5.23144E14	497
5.23088E14	564
5.23032E14	973
5.22976E14	760
5.2292E14	701
5.22864E14	612
5.22808E14	511
5.22752E14	400
5.22696E14	562
5.22641E14	904
5.22585E14	544
5.22529E14	684
5.22473E14	616
5.22417E14	487
5.22361E14	652
5.22306E14	886
5.2225E14	776
5.22194E14	759
5.22138E14	616
5.22083E14	693
5.22027E14	506
5.21971E14	538
5.21916E14	987
5.2186E14	943
5.21804E14	633
5.21749E14	613
5.21693E14	405
5.21637E14	524
5.21582E14	993
5.21526E14	661
5.2147E14	613
5.21415E14	723
5.21359E14	550
5.21304E14	550
5.21248E14	942
5.21193E14	731
5.21137E14	594
5.21082E14	598
5.21026E14	682
5.20971E14	506
5.20915E14	632
5.2086E14	756
5.20804E14	730
5.20749E14	547
5.20693E14	516
5.20638E14	348
5.20583E14	490
5.20527E14	793
5.20472E14	589
5.20416E14	633
5.20361E14	547
5.20306E14	522
5.2025E14	447
5.20195E14	682
5.2014E14	911
5.20084E14	649
5.20029E14	640
5.19974E14	507
5.19919E14	360
5.19863E14	669
5.19808E14	790
5.19753E14	711
5.19698E14	648
5.19642E14	644
5.19587E14	580
5.19532E14	676
5.19477E14	986
5.19422E14	777
5.19367E14	622
5.19311E14	516
5.19256E14	510
5.19201E14	522
5.19146E14	566
5.19091E14	814
5.19036E14	702
5.18981E14	694
5.18926E14	709
5.18871E14	624
5.18816E14	558
5.18761E14	762
5.18706E14	564
5.18651E14	642
5.18596E14	574
5.18541E14	496
5.18486E14	418
5.18431E14	717
5.18376E14	786
5.18321E14	550
5.18266E14	581
5.18211E14	469
5.18156E14	457
5.18101E14	1580
5.18046E14	1039
5.17992E14	628
5.17937E14	621
5.17882E14	707
5.17827E14	394
5.17772E14	480
5.17717E14	781
5.17663E14	729
5.17608E14	587
5.17553E14	565
5.17498E14	520
5.17444E14	417
5.17389E14	460
5.17334E14	1776
5.17279E14	1074
5.17225E14	643
5.1717E14	522
5.17115E14	391
5.17061E14	505
5.17006E14	807
5.16951E14	699
5.16897E14	543
5.16842E14	711
5.16788E14	572
5.16733E14	387
5.16678E14	522
5.16624E14	771
5.16569E14	675
5.16515E14	584
5.1646E14	634
5.16406E14	417
5.16351E14	484
5.16297E14	802
5.16242E14	654
5.16188E14	641
5.16133E14	465
5.16079E14	457
5.16024E14	587
5.1597E14	756
5.15916E14	782
5.15861E14	616
5.15807E14	569
5.15752E14	428
5.15698E14	402
5.15644E14	458
5.15589E14	865
5.15535E14	643
5.15481E14	645
5.15426E14	483
5.15372E14	321
5.15318E14	567
5.15263E14	891
5.15209E14	721
5.15155E14	586
5.15101E14	536
5.15046E14	621
5.14992E14	570
5.14938E14	1557
5.14884E14	1010
5.1483E14	766
5.14775E14	618
5.14721E14	676
5.14667E14	463
5.14613E14	674
5.14559E14	872
5.14505E14	603
5.14451E14	650
5.14396E14	549
5.14342E14	346
5.14288E14	507
5.14234E14	896
5.1418E14	620
5.14126E14	683
5.14072E14	681
5.14018E14	558
5.13964E14	378
5.1391E14	468
5.13856E14	845
5.13802E14	627
5.13748E14	682
5.13694E14	550
5.1364E14	441
5.13586E14	509
5.13532E14	779
5.13478E14	800
5.13425E14	660
5.13371E14	620
5.13317E14	564
5.13263E14	554
5.13209E14	584
5.13155E14	913
5.13101E14	678
5.13048E14	623
5.12994E14	502
5.1294E14	411
5.12886E14	569
5.12832E14	801
5.12779E14	648
5.12725E14	612
5.12671E14	671
5.12617E14	373
5.12564E14	509
5.1251E14	761
5.12456E14	685
5.12403E14	587
5.12349E14	556
5.12295E14	519
5.12242E14	408
5.12188E14	667
5.12134E14	848
5.12081E14	654
5.12027E14	537
5.11974E14	612
5.1192E14	312
5.11867E14	432
5.11813E14	760
5.11759E14	743
5.11706E14	626
5.11652E14	629
5.11599E14	498
5.11545E14	383
5.11492E14	479
5.11438E14	789
5.11385E14	792
5.11331E14	714
5.11278E14	466
5.11225E14	304
5.11171E14	542
5.11118E14	842
5.11064E14	610
5.11011E14	557
5.10958E14	543
5.10904E14	693
5.10851E14	516
5.10797E14	857
5.10744E14	651
5.10691E14	587
5.10638E14	551
5.10584E14	510
5.10531E14	384
5.10478E14	542
5.10424E14	942
5.10371E14	726
5.10318E14	673
5.10265E14	438
5.10211E14	594
5.10158E14	460
5.10105E14	710
5.10052E14	717
5.09999E14	533
5.09945E14	532
5.09892E14	446
5.09839E14	353
5.09786E14	554
5.09733E14	839
5.0968E14	602
5.09627E14	522
5.09574E14	512
5.09521E14	476
5.09467E14	542
5.09414E14	910
5.09361E14	650
5.09308E14	645
5.09255E14	636
5.09202E14	394
5.09149E14	512
5.09096E14	792
5.09043E14	615
5.0899E14	546
5.08937E14	443
5.08884E14	422
5.08832E14	483
5.08779E14	491
5.08726E14	723
5.08673E14	590
5.0862E14	530
5.08567E14	509
5.08514E14	311
5.08461E14	614
5.08408E14	817
5.08356E14	648
5.08303E14	785
5.0825E14	700
5.08197E14	611
5.08144E14	467
5.08092E14	432
5.08039E14	828
5.07986E14	706
5.07933E14	645
5.07881E14	605
5.07828E14	406
5.07775E14	580
5.07722E14	778
5.0767E14	630
5.07617E14	539
5.07564E14	636
5.07512E14	428
5.07459E14	584
5.07406E14	945
5.07354E14	643
5.07301E14	535
5.07249E14	525
5.07196E14	435
5.07143E14	373
5.07091E14	578
5.07038E14	741
5.06986E14	583
5.06933E14	641
5.06881E14	568
5.06828E14	439
5.06776E14	455
5.06723E14	746
5.06671E14	599
5.06618E14	681
5.06566E14	538
5.06513E14	420
5.06461E14	362
5.06408E14	452
5.06356E14	815
5.06304E14	648
5.06251E14	726
5.06199E14	581
5.06146E14	386
5.06094E14	650
5.06042E14	734
5.05989E14	598
5.05937E14	585
5.05885E14	559
5.05832E14	390
5.0578E14	590
5.05728E14	747
5.05675E14	760
5.05623E14	680
5.05571E14	560
5.05519E14	487
5.05466E14	398
5.05414E14	575
5.05362E14	764
5.0531E14	628
5.05258E14	503
5.05205E14	446
5.05153E14	410
5.05101E14	524
5.05049E14	831
5.04997E14	582
5.04945E14	610
5.04893E14	572
5.0484E14	610
5.04788E14	534
5.04736E14	644
5.04684E14	712
5.04632E14	653
5.0458E14	590
5.04528E14	490
5.04476E14	465
5.04424E14	534
5.04372E14	774
5.0432E14	642
5.04268E14	623
5.04216E14	532
5.04164E14	354
5.04112E14	478
5.0406E14	938
5.04008E14	628
5.03956E14	625
5.03904E14	591
5.03852E14	526
5.03801E14	411
5.03749E14	725
5.03697E14	781
5.03645E14	624
5.03593E14	559
5.03541E14	643
5.03489E14	538
5.03438E14	644
5.03386E14	952
5.03334E14	711
5.03282E14	618
5.0323E14	525
5.03179E14	613
5.03127E14	439
5.03075E14	737
5.03023E14	682
5.02972E14	571
5.0292E14	518
5.02868E14	561
5.02817E14	440
5.02765E14	552
5.02713E14	864
5.02662E14	702
5.0261E14	549
5.02558E14	725
5.02507E14	494
5.02455E14	539
5.02403E14	844
5.02352E14	688
5.023E14	632
5.02249E14	625
5.02197E14	421
5.02146E14	642
5.02094E14	529
5.02042E14	924
5.01991E14	761
5.01939E14	655
5.01888E14	428
5.01836E14	533
5.01785E14	562
5.01733E14	1045
5.01682E14	640
5.01631E14	765
5.01579E14	596
5.01528E14	611
5.01476E14	523
5.01425E14	539
5.01374E14	846
5.01322E14	674
5.01271E14	710
5.01219E14	555
5.01168E14	401
5.01117E14	631
5.01065E14	770
5.01014E14	712
5.00963E14	597
5.00911E14	666
5.0086E14	445
5.00809E14	582
5.00758E14	804
5.00706E14	617
5.00655E14	562
5.00604E14	508
5.00553E14	632
5.00501E14	406
5.0045E14	708
5.00399E14	1013
5.00348E14	760
5.00297E14	603
5.00245E14	554
5.00194E14	399
5.00143E14	670
5.00092E14	893
5.00041E14	649
4.9999E14	639
4.99939E14	717
4.99888E14	569
4.99837E14	511
4.99785E14	599
4.99734E14	928
4.99683E14	707
4.99632E14	760
4.99581E14	642
4.9953E14	531
4.99479E14	533
4.99428E14	724
4.99377E14	570
4.99326E14	484
4.99275E14	568
4.99224E14	464
4.99173E14	498
4.99123E14	514
4.99072E14	498
4.99021E14	550
4.9897E14	648
4.98919E14	430
4.98868E14	422
4.98817E14	542
4.98766E14	626
4.98715E14	648
4.98665E14	734
4.98614E14	590
4.98563E14	520
4.98512E14	536
4.98461E14	662
4.98411E14	511
4.9836E14	597
4.98309E14	701
4.98258E14	620
4.98207E14	428
4.98157E14	526
4.98106E14	588
4.98055E14	552
4.98005E14	1402
4.97954E14	782
4.97903E14	458
4.97853E14	528
4.97802E14	583
4.97751E14	618
4.97701E14	683
4.9765E14	472
4.97599E14	332
4.97549E14	368
4.97498E14	334
4.97447E14	431
4.97397E14	522
4.97346E14	727
4.97296E14	485
4.97245E14	308
4.97195E14	402
4.97144E14	381
4.97094E14	400
4.97043E14	612
4.96993E14	327
4.96942E14	320
4.96892E14	310
4.96841E14	203
4.96791E14	240
4.9674E14	386
4.9669E14	769
4.96639E14	594
4.96589E14	493
4.96539E14	279
4.96488E14	142
4.96438E14	353
4.96387E14	755
4.96337E14	468
4.96287E14	312
4.96236E14	374
4.96186E14	501
4.96136E14	310
4.96085E14	702
4.96035E14	482
4.95985E14	273
4.95934E14	304
4.95884E14	225
4.95834E14	293
4.95784E14	636
4.95733E14	879
4.95683E14	445
4.95633E14	279
4.95583E14	325
4.95533E14	354
4.95482E14	294
4.95432E14	722
4.95382E14	427
4.95332E14	410
4.95282E14	429
4.95232E14	242
4.95181E14	263
4.95131E14	393
4.95081E14	745
4.95031E14	480
4.94981E14	421
4.94931E14	313
4.94881E14	247
4.94831E14	376
4.94781E14	722
4.94731E14	499
4.94681E14	646
4.94631E14	409
4.94581E14	322
4.94531E14	295
4.94481E14	732
4.94431E14	552
4.94381E14	387
4.94331E14	324
4.94281E14	303
4.94231E14	254
4.94181E14	251
4.94131E14	467
4.94081E14	456
4.94031E14	572
4.93981E14	369
4.93931E14	282
4.93882E14	428
4.93832E14	917
4.93782E14	576
4.93732E14	447
4.93682E14	369
4.93632E14	267
4.93582E14	234
4.93533E14	364
4.93483E14	766
4.93433E14	500
4.93383E14	331
4.93334E14	241
4.93284E14	242
4.93234E14	386
4.93184E14	748
4.93135E14	428
4.93085E14	317
4.93035E14	349
4.92986E14	169
4.92936E14	417
4.92886E14	580
4.92837E14	515
4.92787E14	431
4.92737E14	435
4.92688E14	336
4.92638E14	274
4.92588E14	398
4.92539E14	747
4.92489E14	736
4.9244E14	469
4.9239E14	335
4.92341E14	258
4.92291E14	392
4.92241E14	748
4.92192E14	628
4.92142E14	481
4.92093E14	610
4.92043E14	328
4.91994E14	188
4.91944E14	427
4.91895E14	675
4.91845E14	724
4.91796E14	478
4.91747E14	229
4.91697E14	250
4.91648E14	374
4.91598E14	854
4.91549E14	438
4.915E14	299
4.9145E14	342
4.91401E14	251
4.91351E14	317
4.91302E14	662
4.91253E14	497
4.91203E14	467
4.91154E14	510
4.91105E14	352
4.91055E14	390
4.91006E14	386
4.90957E14	582
4.90908E14	614
4.90858E14	348
4.90809E14	585
4.9076E14	412
4.90711E14	421
4.90661E14	720
4.90612E14	519
4.90563E14	389
4.90514E14	453
4.90465E14	381
4.90415E14	303
4.90366E14	530
4.90317E14	718
4.90268E14	585
4.90219E14	473
4.9017E14	421
4.90121E14	246
4.90072E14	498
4.90022E14	687
4.89973E14	389
4.89924E14	481
4.89875E14	391
4.89826E14	183
4.89777E14	374
4.89728E14	859
4.89679E14	462
4.8963E14	501
4.89581E14	432
4.89532E14	404
4.89483E14	228
4.89434E14	386
4.89385E14	876
4.89336E14	407
4.89287E14	402
4.89238E14	347
4.89189E14	286
4.8914E14	482
4.89091E14	801
4.89043E14	623
4.88994E14	557
4.88945E14	509
4.88896E14	345
4.88847E14	341
4.88798E14	503
4.88749E14	739
4.88701E14	499
4.88652E14	399
4.88603E14	380
4.88554E14	217
4.88505E14	554
4.88457E14	658
4.88408E14	460
4.88359E14	559
4.8831E14	480
4.88262E14	256
4.88213E14	389
4.88164E14	848
4.88115E14	513
4.88067E14	537
4.88018E14	399
4.87969E14	271
4.87921E14	410
4.87872E14	483
4.87823E14	829
4.87775E14	619
4.87726E14	446
4.87677E14	396
4.87629E14	354
4.8758E14	455
4.87532E14	808
4.87483E14	571
4.87434E14	468
4.87386E14	478
4.87337E14	419
4.87289E14	356
4.8724E14	543
4.87192E14	804
4.87143E14	478
4.87095E14	349
4.87046E14	498
4.86998E14	381
4.86949E14	529
4.86901E14	836
4.86852E14	560
4.86804E14	632
4.86755E14	407
4.86707E14	233
4.86659E14	628
4.8661E14	619
4.86562E14	509
4.86513E14	768
4.86465E14	508
4.86417E14	327
4.86368E14	243
4.8632E14	376
4.86272E14	721
4.86223E14	552
4.86175E14	390
4.86127E14	380
4.86078E14	253
4.8603E14	487
4.85982E14	848
4.85933E14	746
4.85885E14	568
4.85837E14	509
4.85789E14	302
4.8574E14	313
4.85692E14	511
4.85644E14	755
4.85596E14	580
4.85547E14	404
4.85499E14	295
4.85451E14	259
4.85403E14	712
4.85355E14	981
4.85307E14	559
4.85258E14	554
4.8521E14	323
4.85162E14	286
4.85114E14	455
4.85066E14	745
4.85018E14	471
4.8497E14	380
4.84922E14	416
4.84874E14	371
4.84826E14	214
4.84778E14	360
4.8473E14	710
4.84681E14	587
4.84633E14	673
4.84585E14	366
4.84537E14	241
4.84489E14	334
4.84441E14	851
4.84394E14	475
4.84346E14	456
4.84298E14	474
4.8425E14	438
4.84202E14	321
4.84154E14	403
4.84106E14	775
4.84058E14	496
4.8401E14	512
4.83962E14	405
4.83914E14	220
4.83866E14	513
4.83819E14	847
4.83771E14	610
4.83723E14	590
4.83675E14	326
4.83627E14	234
4.83579E14	310
4.83532E14	705
4.83484E14	613
4.83436E14	617
4.83388E14	426
4.83341E14	326
4.83293E14	377
4.83245E14	361
4.83197E14	737
4.8315E14	474
4.83102E14	488
4.83054E14	334
4.83006E14	493
4.82959E14	470
4.82911E14	708
4.82863E14	813
4.82816E14	534
4.82768E14	470
4.8272E14	319
4.82673E14	236
4.82625E14	460
4.82578E14	689
4.8253E14	461
4.82482E14	432
4.82435E14	333
4.82387E14	311
4.8234E14	570
4.82292E14	828
4.82245E14	513
4.82197E14	484
4.82149E14	457
4.82102E14	263
4.82054E14	385
4.82007E14	777
4.81959E14	604
4.81912E14	474
4.81864E14	682
4.81817E14	562
4.8177E14	407
4.81722E14	439
4.81675E14	898
4.81627E14	648
4.8158E14	546
4.81532E14	355
4.81485E14	325
4.81438E14	403
4.8139E14	718
4.81343E14	532
4.81296E14	544
4.81248E14	585
4.81201E14	380
4.81154E14	368
4.81106E14	533
4.81059E14	805
4.81012E14	616
4.80964E14	649
4.80917E14	362
4.8087E14	284
4.80822E14	401
4.80775E14	789
4.80728E14	561
4.80681E14	543
4.80633E14	400
4.80586E14	257
4.80539E14	497
4.80492E14	745
4.80445E14	471
4.80397E14	540
4.8035E14	440
4.80303E14	361
4.80256E14	295
4.80209E14	512
4.80162E14	812
4.80115E14	546
4.80067E14	503
4.8002E14	562
4.79973E14	393
4.79926E14	547
4.79879E14	802
4.79832E14	554
4.79785E14	508
4.79738E14	515
4.79691E14	406
4.79644E14	276
4.79597E14	555
4.7955E14	856
4.79503E14	535
4.79456E14	511
4.79409E14	445
4.79362E14	275
4.79315E14	743
4.79268E14	936
4.79221E14	471
4.79174E14	369
4.79127E14	623
4.7908E14	565
4.79033E14	447
4.78986E14	403
4.78939E14	420
4.78892E14	416
4.78846E14	401
4.78799E14	457
4.78752E14	269
4.78705E14	392
4.78658E14	569
4.78611E14	477
4.78564E14	473
4.78518E14	382
4.78471E14	270
4.78424E14	525
4.78377E14	803
4.78331E14	509
4.78284E14	397
4.78237E14	505
4.7819E14	314
4.78143E14	300
4.78097E14	452
4.7805E14	999
4.78003E14	566
4.77957E14	445
4.7791E14	423
4.77863E14	323
4.77817E14	515
4.7777E14	819
4.77723E14	719
4.77677E14	424
4.7763E14	425
4.77583E14	277
4.77537E14	514
4.7749E14	786
4.77443E14	424
4.77397E14	551
4.7735E14	533
4.77304E14	337
4.77257E14	317
4.77211E14	756
4.77164E14	909
4.77117E14	561
4.77071E14	429
4.77024E14	410
4.76978E14	294
4.76931E14	450
4.76885E14	838
4.76838E14	644
4.76792E14	454
4.76745E14	601
4.76699E14	395
4.76653E14	322
4.76606E14	486
4.7656E14	776
4.76513E14	489
4.76467E14	546
4.7642E14	473
4.76374E14	259
4.76328E14	395
4.76281E14	827
4.76235E14	530
4.76189E14	532
4.76142E14	424
4.76096E14	283
4.76049E14	482
4.76003E14	845
4.75957E14	571
4.75911E14	406
4.75864E14	600
4.75818E14	394
4.75772E14	358
4.75725E14	582
4.75679E14	825
4.75633E14	537
4.75587E14	463
4.7554E14	333
4.75494E14	480
4.75448E14	528
4.75402E14	829
4.75356E14	663
4.75309E14	626
4.75263E14	480
4.75217E14	337
4.75171E14	378
4.75125E14	359
4.75079E14	877
4.75032E14	604
4.74986E14	489
4.7494E14	498
4.74894E14	382
4.74848E14	318
4.74802E14	772
4.74756E14	513
4.7471E14	559
4.74664E14	473
4.74618E14	428
4.74572E14	426
4.74526E14	958
4.74479E14	538
4.74433E14	536
4.74387E14	517
4.74341E14	358
4.74295E14	416
4.74249E14	493
4.74204E14	759
4.74158E14	479
4.74112E14	317
4.74066E14	368
4.7402E14	412
4.73974E14	490
4.73928E14	660
4.73882E14	561
4.73836E14	560
4.7379E14	464
4.73744E14	465
4.73698E14	330
4.73652E14	488
4.73607E14	786
4.73561E14	618
4.73515E14	552
4.73469E14	600
4.73423E14	352
4.73377E14	584
4.73332E14	908
4.73286E14	577
4.7324E14	400
4.73194E14	486
4.73149E14	339
4.73103E14	418
4.73057E14	778
4.73011E14	598
4.72966E14	603
4.7292E14	583
4.72874E14	445
4.72828E14	303
4.72783E14	583
4.72737E14	875
4.72691E14	618
4.72646E14	365
4.726E14	364
4.72554E14	347
4.72509E14	489
4.72463E14	973
4.72417E14	565
4.72372E14	590
4.72326E14	468
4.72281E14	476
4.72235E14	517
4.72189E14	698
4.72144E14	753
4.72098E14	681
4.72053E14	532
4.72007E14	330
4.71962E14	228
4.71916E14	361
4.71871E14	881
4.71825E14	758
4.7178E14	598
4.71734E14	570
4.71689E14	424
4.71643E14	328
4.71598E14	766
4.71552E14	533
4.71507E14	656
4.71461E14	623
4.71416E14	509
4.7137E14	336
4.71325E14	472
4.7128E14	1028
4.71234E14	597
4.71189E14	465
4.71143E14	351
4.71098E14	362
4.71053E14	521
4.71007E14	876
4.70962E14	729
4.70917E14	523
4.70871E14	510
4.70826E14	378
4.70781E14	302
4.70735E14	463
4.7069E14	816
4.70645E14	608
4.70599E14	502
4.70554E14	374
4.70509E14	325
4.70464E14	385
4.70418E14	734
4.70373E14	595
4.70328E14	688
4.70283E14	552
4.70238E14	426
4.70192E14	490
4.70147E14	841
4.70102E14	656
4.70057E14	550
4.70012E14	535
4.69966E14	513
4.69921E14	248
4.69876E14	557
4.69831E14	1117
4.69786E14	683
4.69741E14	720
4.69696E14	472
4.69651E14	273
4.69605E14	562
4.6956E14	881
4.69515E14	735
4.6947E14	577
4.69425E14	538
4.6938E14	505
4.69335E14	352
4.6929E14	436
4.69245E14	886
4.692E14	642
4.69155E14	543
4.6911E14	453
4.69065E14	483
4.6902E14	497
4.68975E14	935
4.6893E14	530
4.68885E14	564
4.6884E14	503
4.68795E14	235
4.6875E14	497
4.68706E14	716
4.68661E14	639
4.68616E14	712
4.68571E14	710
4.68526E14	429
4.68481E14	366
4.68436E14	460
4.68391E14	911
4.68347E14	636
4.68302E14	533
4.68257E14	538
4.68212E14	421
4.68167E14	513
4.68122E14	698
4.68078E14	785
4.68033E14	661
4.67988E14	646
4.67943E14	526
4.67899E14	360
4.67854E14	483
4.67809E14	929
4.67764E14	620
4.6772E14	668
4.67675E14	503
4.6763E14	250
4.67585E14	476
4.67541E14	985
4.67496E14	739
4.67451E14	438
4.67407E14	390
4.67362E14	336
4.67317E14	422
4.67273E14	724
4.67228E14	642
4.67184E14	665
4.67139E14	509
4.67094E14	432
4.6705E14	345
4.67005E14	560
4.66961E14	1004
4.66916E14	541
4.66871E14	550
4.66827E14	510
4.66782E14	349
4.66738E14	474
4.66693E14	899
4.66649E14	648
4.66604E14	633
4.6656E14	597
4.66515E14	535
4.66471E14	285
4.66426E14	517
4.66382E14	903
4.66337E14	699
4.66293E14	524
4.66248E14	353
4.66204E14	307
4.6616E14	701
4.66115E14	1014
4.66071E14	677
4.66026E14	711
4.65982E14	411
4.65938E14	331
4.65893E14	525
4.65849E14	909
4.65804E14	684
4.6576E14	505
4.65716E14	567
4.65671E14	529
4.65627E14	468
4.65583E14	661
4.65538E14	720
4.65494E14	688
4.6545E14	606
4.65406E14	526
4.65361E14	332
4.65317E14	617
4.65273E14	946
4.65228E14	623
4.65184E14	564
4.6514E14	549
4.65096E14	550
4.65052E14	377
4.65007E14	501
4.64963E14	832
4.64919E14	677
4.64875E14	670
4.64831E14	453
4.64786E14	404
4.64742E14	558
4.64698E14	953
4.64654E14	636
4.6461E14	552
4.64566E14	517
4.64522E14	354
4.64477E14	418
4.64433E14	721
4.64389E14	586
4.64345E14	572
4.64301E14	495
4.64257E14	631
4.64213E14	504
4.64169E14	589
4.64125E14	1074
4.64081E14	809
4.64037E14	627
4.63993E14	440
4.63949E14	361
4.63905E14	550
4.63861E14	931
4.63817E14	725
4.63773E14	672
4.63729E14	678
4.63685E14	492
4.63641E14	404
4.63597E14	575
4.63553E14	1053
4.63509E14	637
4.63465E14	681
4.63421E14	550
4.63377E14	318
4.63334E14	570
4.6329E14	1112
4.63246E14	907
4.63202E14	801
4.63158E14	595
4.63114E14	461
4.6307E14	512
4.63027E14	1016
4.62983E14	624
4.62939E14	491
4.62895E14	590
4.62851E14	611
4.62808E14	443
4.62764E14	533
4.6272E14	948
4.62676E14	758
4.62632E14	498
4.62589E14	615
4.62545E14	460
4.62501E14	417
4.62458E14	789
4.62414E14	689
4.6237E14	585
4.62326E14	553
4.62283E14	436
4.62239E14	425
4.62195E14	499
4.62152E14	916
4.62108E14	698
4.62064E14	494
4.62021E14	320
4.61977E14	322
4.61933E14	558
4.6189E14	1010
4.61846E14	802
4.61803E14	496
4.61759E14	516
4.61715E14	286
4.61672E14	628
4.61628E14	786
4.61585E14	660
4.61541E14	749
4.61498E14	616
4.61454E14	429
4.61411E14	311
4.61367E14	722
4.61324E14	780
4.6128E14	740
4.61237E14	512
4.61193E14	532
4.6115E14	624
4.61106E14	714
4.61063E14	774
4.61019E14	677
4.60976E14	710
4.60932E14	693
4.60889E14	432
4.60845E14	583
4.60802E14	521
4.60759E14	1017
4.60715E14	680
4.60672E14	621
4.60628E14	589
4.60585E14	555
4.60542E14	509
4.60498E14	547
4.60455E14	616
4.60412E14	521
4.60368E14	512
4.60325E14	542
4.60282E14	550
4.60238E14	836
4.60195E14	789
4.60152E14	504
4.60109E14	723
4.60065E14	452
4.60022E14	268
4.59979E14	683
4.59935E14	876
4.59892E14	597
4.59849E14	559
4.59806E14	451
4.59763E14	394
4.59719E14	479
4.59676E14	855
4.59633E14	552
4.5959E14	550
4.59547E14	585
4.59503E14	551
4.5946E14	451
4.59417E14	550
4.59374E14	827
4.59331E14	600
4.59288E14	637
4.59245E14	469
4.59201E14	477
4.59158E14	515
4.59115E14	962
4.59072E14	564
4.59029E14	534
4.58986E14	468
4.58943E14	323
4.589E14	445
4.58857E14	852
4.58814E14	593
4.58771E14	542
4.58728E14	631
4.58685E14	516
4.58642E14	509
4.58599E14	524
4.58556E14	779
4.58513E14	692
4.5847E14	706
4.58427E14	596
4.58384E14	295
4.58341E14	634
4.58298E14	824
4.58255E14	617
4.58212E14	711
4.58169E14	650
4.58126E14	562
4.58083E14	356
4.58041E14	498
4.57998E14	874
4.57955E14	623
4.57912E14	584
4.57869E14	401
4.57826E14	416
4.57783E14	480
4.5774E14	853
4.57698E14	719
4.57655E14	492
4.57612E14	556
4.57569E14	365
4.57526E14	568
4.57484E14	953
4.57441E14	687
4.57398E14	561
4.57355E14	432
4.57313E14	446
4.5727E14	388
4.57227E14	628
4.57184E14	810
4.57142E14	619
4.57099E14	527
4.57056E14	440
4.57013E14	501
4.56971E14	608
4.56928E14	934
4.56885E14	719
4.56843E14	559
4.568E14	580
4.56757E14	606
4.56715E14	410
4.56672E14	640
4.56629E14	875
4.56587E14	707
4.56544E14	489
4.56502E14	433
4.56459E14	330
4.56416E14	487
4.56374E14	821
4.56331E14	674
4.56289E14	612
4.56246E14	621
4.56204E14	439
4.56161E14	434
4.56119E14	878
4.56076E14	625
4.56033E14	502
4.55991E14	457
4.55948E14	325
4.55906E14	450
4.55864E14	641
4.55821E14	921
4.55779E14	722
4.55736E14	433
4.55694E14	440
4.55651E14	328
4.55609E14	846
4.55566E14	1053
4.55524E14	769
4.55481E14	494
4.55439E14	595
4.55397E14	459
4.55354E14	505
4.55312E14	595
4.5527E14	889
4.55227E14	768
4.55185E14	608
4.55142E14	627
4.551E14	454
4.55058E14	500
4.55015E14	958
4.54973E14	752
4.54931E14	837
4.54888E14	574
4.54846E14	322
4.54804E14	578
4.54762E14	978
4.54719E14	721
4.54677E14	593
4.54635E14	705
4.54593E14	593
4.5455E14	390
4.54508E14	582
4.54466E14	1022
4.54424E14	750
4.54381E14	747
4.54339E14	763
4.54297E14	430
4.54255E14	496
4.54213E14	909
4.5417E14	795
4.54128E14	590
4.54086E14	582
4.54044E14	555
4.54002E14	436
4.5396E14	480
4.53918E14	886
4.53875E14	654
4.53833E14	645
4.53791E14	519
4.53749E14	461
4.53707E14	587
4.53665E14	856
4.53623E14	680
4.53581E14	729
4.53539E14	649
4.53497E14	349
4.53455E14	591
4.53413E14	838
4.53371E14	655
4.53329E14	670
4.53287E14	711
4.53245E14	619
4.53203E14	502
4.53161E14	627
4.53119E14	940
4.53077E14	638
4.53035E14	659
4.52993E14	498
4.52951E14	421
4.52909E14	568
4.52867E14	961
4.52825E14	796
4.52783E14	750
4.52741E14	625
4.52699E14	417
4.52657E14	507
4.52616E14	748
4.52574E14	922
4.52532E14	966
4.5249E14	561
4.52448E14	502
4.52406E14	483
4.52364E14	546
4.52323E14	1008
4.52281E14	709
4.52239E14	618
4.52197E14	820
4.52155E14	574
4.52114E14	689
4.52072E14	892
4.5203E14	668
4.51988E14	667
4.51946E14	546
4.51905E14	801
4.51863E14	524
4.51821E14	670
4.5178E14	1051
4.51738E14	704
4.51696E14	606
4.51654E14	423
4.51613E14	384
4.51571E14	621
4.51529E14	1001
4.51488E14	834
4.51446E14	669
4.51404E14	559
4.51363E14	550
4.51321E14	433
4.51279E14	704
4.51238E14	1011
4.51196E14	793
4.51154E14	699
4.51113E14	503
4.51071E14	280
4.5103E14	627
4.50988E14	1070
4.50947E14	690
4.50905E14	758
4.50863E14	544
4.50822E14	372
4.5078E14	481
4.50739E14	845
4.50697E14	612
4.50656E14	574
4.50614E14	563
4.50573E14	557
4.50531E14	428
4.5049E14	594
4.50448E14	1024
4.50407E14	766
4.50365E14	624
4.50324E14	466
4.50282E14	388
4.50241E14	882
4.50199E14	1114
4.50158E14	700
4.50117E14	660
4.50075E14	813
4.50034E14	659
4.49992E14	601
4.49951E14	505
4.4991E14	902
4.49868E14	821
4.49827E14	715
4.49786E14	459
4.49744E14	292
4.49703E14	540
4.49661E14	1091
4.4962E14	777
4.49579E14	720
4.49537E14	578
4.49496E14	360
4.49455E14	464
4.49414E14	1206
4.49372E14	744
4.49331E14	670
4.4929E14	662
4.49248E14	499
4.49207E14	406
4.49166E14	626
4.49125E14	945
4.49084E14	653
4.49042E14	664
4.49001E14	537
4.4896E14	429
4.48919E14	643
4.48877E14	952
4.48836E14	777
4.48795E14	1136
4.48754E14	597
4.48713E14	521
4.48672E14	428
4.4863E14	496
4.48589E14	1245
4.48548E14	711
4.48507E14	672
4.48466E14	633
4.48425E14	437
4.48384E14	714
4.48343E14	2099
4.48302E14	978
4.4826E14	623
4.48219E14	607
4.48178E14	464
4.48137E14	523
4.48096E14	1099
4.48055E14	808
4.48014E14	590
4.47973E14	579
4.47932E14	483
4.47891E14	493
4.4785E14	521
4.47809E14	1039
4.47768E14	650
4.47727E14	655
4.47686E14	548
4.47645E14	394
4.47604E14	516
4.47563E14	1084
4.47522E14	672
4.47481E14	862
4.4744E14	670
4.47399E14	459
4.47359E14	539
4.47318E14	684
4.47277E14	987
4.47236E14	644
4.47195E14	659
4.47154E14	482
4.47113E14	479
4.47072E14	594
4.47031E14	1005
4.46991E14	773
4.4695E14	613
4.46909E14	578
4.46868E14	385
4.46827E14	627
4.46786E14	1003
4.46746E14	792
4.46705E14	728
4.46664E14	645
4.46623E14	634
4.46583E14	432
4.46542E14	703
4.46501E14	950
4.4646E14	700
4.4642E14	610
4.46379E14	574
4.46338E14	482
4.46297E14	471
4.46257E14	1050
4.46216E14	913
4.46175E14	671
4.46135E14	663
4.46094E14	503
4.46053E14	374
4.46012E14	489
4.45972E14	915
4.45931E14	1016
4.4589E14	685
4.4585E14	558
4.45809E14	448
4.45769E14	705
4.45728E14	1006
4.45687E14	830
4.45647E14	704
4.45606E14	557
4.45566E14	592
4.45525E14	729
4.45484E14	943
4.45444E14	685
4.45403E14	806
4.45363E14	641
4.45322E14	579
4.45282E14	508
4.45241E14	659
4.45201E14	1158
4.4516E14	823
4.4512E14	515
4.45079E14	637
4.45039E14	494
4.44998E14	600
4.44958E14	1171
4.44917E14	814
4.44877E14	732
4.44836E14	669
4.44796E14	651
4.44755E14	399
4.44715E14	586
4.44674E14	2054
4.44634E14	1002
4.44594E14	577
4.44553E14	422
4.44513E14	496
4.44472E14	829
4.44432E14	1025
4.44392E14	760
4.44351E14	697
4.44311E14	520
4.44271E14	517
4.4423E14	647
4.4419E14	934
4.4415E14	824
4.44109E14	687
4.44069E14	595
4.44029E14	672
4.43988E14	567
4.43948E14	571
4.43908E14	878
4.43867E14	836
4.43827E14	679
4.43787E14	461
4.43747E14	354
4.43706E14	637
4.43666E14	1053
4.43626E14	784
4.43586E14	795
4.43545E14	668
4.43505E14	671
4.43465E14	605
4.43425E14	468
4.43385E14	613
4.43344E14	604
4.43304E14	654
4.43264E14	666
4.43224E14	542
4.43184E14	761
4.43144E14	894
4.43104E14	606
4.43063E14	566
4.43023E14	602
4.42983E14	600
4.42943E14	580
4.42903E14	916
4.42863E14	844
4.42823E14	804
4.42783E14	602
4.42743E14	595
4.42702E14	417
4.42662E14	541
4.42622E14	1066
4.42582E14	694
4.42542E14	762
4.42502E14	550
4.42462E14	518
4.42422E14	494
4.42382E14	921
4.42342E14	891
4.42302E14	722
4.42262E14	652
4.42222E14	446
4.42182E14	409
4.42142E14	622
4.42102E14	1146
4.42062E14	889
4.42022E14	763
4.41982E14	591
4.41943E14	475
4.41903E14	677
4.41863E14	1004
4.41823E14	913
4.41783E14	678
4.41743E14	580
4.41703E14	490
4.41663E14	672
4.41623E14	1164
4.41583E14	790
4.41544E14	764
4.41504E14	650
4.41464E14	699
4.41424E14	568
4.41384E14	624
4.41344E14	1021
4.41305E14	704
4.41265E14	668
4.41225E14	494
4.41185E14	451
4.41145E14	532
4.41106E14	971
4.41066E14	806
4.41026E14	710
4.40986E14	865
4.40947E14	581
4.40907E14	578
4.40867E14	904
4.40827E14	1172
4.40788E14	897
4.40748E14	726
4.40708E14	589
4.40669E14	358
4.40629E14	609
4.40589E14	1043
4.40549E14	827
4.4051E14	743
4.4047E14	595
4.4043E14	870
4.40391E14	607
4.40351E14	1189
4.40312E14	685
4.40272E14	760
4.40232E14	687
4.40193E14	643
4.40153E14	556
4.40113E14	694
4.40074E14	1111
4.40034E14	824
4.39995E14	686
4.39955E14	710
4.39916E14	622
4.39876E14	662
4.39836E14	1057
4.39797E14	781
4.39757E14	579
4.39718E14	672
4.39678E14	517
4.39639E14	464
4.39599E14	637
4.3956E14	1593
4.3952E14	1743
4.39481E14	893
4.39441E14	590
4.39402E14	452
4.39362E14	591
4.39323E14	1089
4.39283E14	782
4.39244E14	615
4.39205E14	616
4.39165E14	658
4.39126E14	934
4.39086E14	1013
4.39047E14	942
4.39007E14	801
4.38968E14	678
4.38929E14	607
4.38889E14	579
4.3885E14	828
4.38811E14	1066
4.38771E14	815
4.38732E14	594
4.38692E14	613
4.38653E14	494
4.38614E14	882
4.38574E14	1044
4.38535E14	870
4.38496E14	740
4.38457E14	623
4.38417E14	600
4.38378E14	498
4.38339E14	758
4.38299E14	1003
4.3826E14	930
4.38221E14	696
4.38182E14	602
4.38142E14	505
4.38103E14	683
4.38064E14	984
4.38025E14	705
4.37985E14	656
4.37946E14	557
4.37907E14	470
4.37868E14	677
4.37829E14	1203
4.37789E14	776
4.3775E14	788
4.37711E14	719
4.37672E14	555
4.37633E14	728
4.37594E14	605
4.37554E14	871
4.37515E14	634
4.37476E14	826
4.37437E14	703
4.37398E14	567
4.37359E14	555
4.3732E14	965
4.37281E14	767
4.37242E14	772
4.37203E14	748
4.37163E14	636
4.37124E14	581
4.37085E14	640
4.37046E14	1086
4.37007E14	817
4.36968E14	633
4.36929E14	586
4.3689E14	500
4.36851E14	556
4.36812E14	955
4.36773E14	946
4.36734E14	791
4.36695E14	639
4.36656E14	491
4.36617E14	763
4.36578E14	1217
4.36539E14	982
4.365E14	703
4.36461E14	833
4.36422E14	680
4.36383E14	668
4.36345E14	578
4.36306E14	1047
4.36267E14	848
4.36228E14	802
4.36189E14	771
4.3615E14	609
4.36111E14	904
4.36072E14	1211
4.36033E14	871
4.35994E14	642
4.35956E14	749
4.35917E14	577
4.35878E14	508
4.35839E14	673
4.358E14	1158
4.35761E14	711
4.35723E14	755
4.35684E14	680
4.35645E14	548
4.35606E14	706
4.35567E14	974
4.35529E14	838
4.3549E14	804
4.35451E14	670
4.35412E14	652
4.35374E14	587
4.35335E14	1024
4.35296E14	970
4.35257E14	851
4.35219E14	747
4.3518E14	536
4.35141E14	663
4.35103E14	713
4.35064E14	1152
4.35025E14	851
4.34986E14	797
4.34948E14	704
4.34909E14	578
4.3487E14	817
4.34832E14	1369
4.34793E14	865
4.34754E14	732
4.34716E14	665
4.34677E14	616
4.34639E14	635
4.346E14	685
4.34561E14	1332
4.34523E14	940
4.34484E14	931
4.34446E14	782
4.34407E14	593
4.34368E14	781
4.3433E14	1153
4.34291E14	884
4.34253E14	770
4.34214E14	656
4.34176E14	585
4.34137E14	566
4.34099E14	1117
4.3406E14	823
4.34022E14	769
4.33983E14	792
4.33945E14	677
4.33906E14	558
4.33868E14	627
4.33829E14	933
4.33791E14	710
4.33752E14	781
4.33714E14	587
4.33675E14	540
4.33637E14	1028
4.33598E14	1089
4.3356E14	1093
4.33521E14	827
4.33483E14	770
4.33445E14	678
4.33406E14	505
4.33368E14	594
4.33329E14	1095
4.33291E14	858
4.33253E14	757
4.33214E14	618
4.33176E14	584
4.33138E14	725
4.33099E14	1055
4.33061E14	779
4.33023E14	640
4.32984E14	759
4.32946E14	573
4.32908E14	610
4.32869E14	1157
4.32831E14	776
4.32793E14	852
4.32754E14	812
4.32716E14	787
4.32678E14	473
4.3264E14	733
4.32601E14	1046
4.32563E14	878
4.32525E14	872
4.32487E14	591
4.32448E14	659
4.3241E14	774
4.32372E14	1021
4.32334E14	876
4.32295E14	680
4.32257E14	648
4.32219E14	647
4.32181E14	611
4.32143E14	1026
4.32105E14	981
4.32066E14	759
4.32028E14	902
4.3199E14	772
4.31952E14	530
4.31914E14	670
4.31876E14	1140
4.31838E14	776
4.31799E14	720
4.31761E14	729
4.31723E14	586
4.31685E14	684
4.31647E14	964
4.31609E14	812
4.31571E14	634
4.31533E14	784
4.31495E14	668
4.31457E14	536
4.31419E14	814
4.31381E14	1184
4.31342E14	916
4.31304E14	628
4.31266E14	738
4.31228E14	740
4.3119E14	724
4.31152E14	964
4.31114E14	735
4.31076E14	729
4.31038E14	779
4.31E14	639
4.30962E14	608
4.30924E14	786
4.30887E14	989
4.30849E14	873
4.30811E14	753
4.30773E14	630
4.30735E14	522
4.30697E14	834
4.30659E14	928
4.30621E14	797
4.30583E14	746
4.30545E14	652
4.30507E14	408
4.30469E14	694
4.30432E14	1021
4.30394E14	745
4.30356E14	857
4.30318E14	968
4.3028E14	634
4.30242E14	506
4.30204E14	674
4.30167E14	1039
4.30129E14	1020
4.30091E14	689
4.30053E14	675
4.30015E14	813
4.29978E14	602
4.2994E14	1155
4.29902E14	958
4.29864E14	672
4.29826E14	707
4.29789E14	664
4.29751E14	547
4.29713E14	752
4.29675E14	1147
4.29638E14	796
4.296E14	621
4.29562E14	655
4.29524E14	467
4.29487E14	836
4.29449E14	1176
4.29411E14	687
4.29374E14	672
4.29336E14	761
4.29298E14	585
4.29261E14	705
4.29223E14	1007
4.29185E14	831
4.29148E14	755
4.2911E14	985
4.29072E14	725
4.29035E14	714
4.28997E14	764
4.28959E14	1030
4.28922E14	909
4.28884E14	803
4.28847E14	709
4.28809E14	590
4.28771E14	802
4.28734E14	1097
4.28696E14	954
4.28659E14	787
4.28621E14	796
4.28584E14	633
4.28546E14	614
4.28509E14	756
4.28471E14	1030
4.28433E14	740
4.28396E14	689
4.28358E14	615
4.28321E14	581
4.28283E14	566
4.28246E14	965
4.28208E14	875
4.28171E14	661
4.28133E14	668
4.28096E14	559
4.28059E14	693
4.28021E14	1208
4.27984E14	963
4.27946E14	875
4.27909E14	803
4.27871E14	778
4.27834E14	650
4.27796E14	772
4.27759E14	1101
4.27722E14	900
4.27684E14	684
4.27647E14	835
4.27609E14	808
4.27572E14	778
4.27535E14	846
4.27497E14	998
4.2746E14	705
4.27423E14	787
4.27385E14	665
4.27348E14	540
4.27311E14	672
4.27273E14	1111
4.27236E14	877
4.27199E14	762
4.27161E14	732
4.27124E14	671
4.27087E14	675
4.2705E14	972
4.27012E14	789
4.26975E14	701
4.26938E14	699
4.269E14	547
4.26863E14	765
4.26826E14	982
4.26789E14	808
4.26751E14	727
4.26714E14	763
4.26677E14	700
4.2664E14	543
4.26603E14	642
4.26565E14	1048
4.26528E14	832
4.26491E14	924
4.26454E14	743
4.26417E14	477
4.26379E14	836
4.26342E14	1103
4.26305E14	827
4.26268E14	787
4.26231E14	786
4.26194E14	818
4.26157E14	781
4.26119E14	844
4.26082E14	1122
4.26045E14	803
4.26008E14	750
4.25971E14	634
4.25934E14	467
4.25897E14	742
4.2586E14	1105
4.25823E14	939
4.25786E14	836
4.25749E14	755
4.25712E14	580
4.25674E14	671
4.25637E14	977
4.256E14	828
4.25563E14	773
4.25526E14	934
4.25489E14	667
4.25452E14	476
4.25415E14	759
4.25378E14	1217
4.25341E14	851
4.25304E14	874
4.25267E14	848
4.2523E14	513
4.25193E14	751
4.25157E14	1128
4.2512E14	870
4.25083E14	897
4.25046E14	827
4.25009E14	723
4.24972E14	473
4.24935E14	720
4.24898E14	1129
4.24861E14	812
4.24824E14	829
4.24787E14	741
4.2475E14	601
4.24714E14	1084
4.24677E14	1300
4.2464E14	840
4.24603E14	1046
4.24566E14	851
4.24529E14	684
4.24492E14	874
4.24456E14	977
4.24419E14	983
4.24382E14	723
4.24345E14	946
4.24308E14	711
4.24271E14	784
4.24235E14	649
4.24198E14	1196
4.24161E14	1040
4.24124E14	828
4.24088E14	643
4.24051E14	867
4.24014E14	719
4.23977E14	1227
4.23941E14	992
4.23904E14	776
4.23867E14	926
4.2383E14	590
4.23794E14	562
4.23757E14	772
4.2372E14	1153
4.23684E14	1031
4.23647E14	730
4.2361E14	693
4.23573E14	484
4.23537E14	723
4.235E14	1124
4.23463E14	896
4.23427E14	834
4.2339E14	686
4.23354E14	447
4.23317E14	876
4.2328E14	1144
4.23244E14	829
4.23207E14	895
4.2317E14	868
4.23134E14	823
4.23097E14	548
4.23061E14	723
4.23024E14	1015
4.22987E14	1004
4.22951E14	951
4.22914E14	780
4.22878E14	544
4.22841E14	1012
4.22805E14	1244
4.22768E14	948
4.22732E14	749
4.22695E14	940
4.22658E14	546
4.22622E14	550
4.22585E14	757
4.22549E14	1129
4.22512E14	914
4.22476E14	753
4.22439E14	720
4.22403E14	494
4.22367E14	1354
4.2233E14	1352
4.22294E14	840
4.22257E14	811
4.22221E14	717
4.22184E14	578
4.22148E14	686
4.22111E14	1074
4.22075E14	940
4.22039E14	870
4.22002E14	830
4.21966E14	613
4.21929E14	656
4.21893E14	808
4.21857E14	1252
4.2182E14	966
4.21784E14	952
4.21747E14	789
4.21711E14	791
4.21675E14	1013
4.21638E14	1033
4.21602E14	937
4.21566E14	865
4.21529E14	836
4.21493E14	624
4.21457E14	490
4.2142E14	756
4.21384E14	1132
4.21348E14	695
4.21312E14	868
4.21275E14	767
4.21239E14	842
4.21203E14	633
4.21166E14	1079
4.2113E14	865
4.21094E14	895
4.21058E14	738
4.21021E14	628
4.20985E14	672
4.20949E14	1269
4.20913E14	1035
4.20877E14	751
4.2084E14	834
4.20804E14	732
4.20768E14	653
4.20732E14	888
4.20696E14	1090
4.20659E14	874
4.20623E14	794
4.20587E14	612
4.20551E14	569
4.20515E14	1210
4.20479E14	1270
4.20442E14	818
4.20406E14	822
4.2037E14	757
4.20334E14	848
4.20298E14	647
4.20262E14	1806
4.20226E14	1404
4.2019E14	973
4.20154E14	871
4.20117E14	792
4.20081E14	595
4.20045E14	819
4.20009E14	1277
4.19973E14	959
4.19937E14	980
4.19901E14	834
4.19865E14	670
4.19829E14	730
4.19793E14	1027
4.19757E14	844
4.19721E14	898
4.19685E14	1023
4.19649E14	767
4.19613E14	777
4.19577E14	691
4.19541E14	1257
4.19505E14	855
4.19469E14	820
4.19433E14	677
4.19397E14	809
4.19361E14	625
4.19325E14	1167
4.19289E14	920
4.19253E14	1082
4.19217E14	856
4.19181E14	678
4.19145E14	508
4.1911E14	708
4.19074E14	1114
4.19038E14	831
4.19002E14	800
4.18966E14	668
4.1893E14	555
4.18894E14	804
4.18858E14	1188
4.18822E14	891
4.18787E14	841
4.18751E14	820
4.18715E14	662
4.18679E14	925
4.18643E14	1253
4.18607E14	1033
4.18572E14	895
4.18536E14	843
4.185E14	749
4.18464E14	756
4.18428E14	802
4.18393E14	1110
4.18357E14	996
4.18321E14	824
4.18285E14	793
4.1825E14	738
4.18214E14	796
4.18178E14	1095
4.18142E14	870
4.18107E14	781
4.18071E14	984
4.18035E14	807
4.17999E14	611
4.17964E14	742
4.17928E14	1119
4.17892E14	970
4.17857E14	874
4.17821E14	663
4.17785E14	549
4.17749E14	690
4.17714E14	1036
4.17678E14	848
4.17642E14	786
4.17607E14	766
4.17571E14	546
4.17536E14	641
4.175E14	1145
4.17464E14	1065
4.17429E14	892
4.17393E14	868
4.17357E14	624
4.17322E14	559
4.17286E14	875
4.17251E14	1151
4.17215E14	971
4.17179E14	697
4.17144E14	846
4.17108E14	828
4.17073E14	964
4.17037E14	1257
4.17002E14	847
4.16966E14	895
4.1693E14	697
4.16895E14	865
4.16859E14	701
4.16824E14	682
4.16788E14	1080
4.16753E14	839
4.16717E14	800
4.16682E14	569
4.16646E14	852
4.16611E14	923
4.16575E14	1068
4.1654E14	875
4.16504E14	990
4.16469E14	1236
4.16434E14	792
4.16398E14	609
4.16363E14	1012
4.16327E14	814
4.16292E14	916
4.16256E14	923
4.16221E14	892
4.16186E14	638
4.1615E14	855
4.16115E14	1184
4.16079E14	894
4.16044E14	1095
4.16009E14	742
4.15973E14	647
4.15938E14	1014
4.15902E14	1376
4.15867E14	937
4.15832E14	866
4.15796E14	792
4.15761E14	682
4.15726E14	631
4.1569E14	780
4.15655E14	1173
4.1562E14	1053
4.15584E14	795
4.15549E14	720
4.15514E14	757
4.15479E14	778
4.15443E14	1304
4.15408E14	1042
4.15373E14	792
4.15337E14	831
4.15302E14	703
4.15267E14	1063
4.15232E14	1202
4.15196E14	851
4.15161E14	897
4.15126E14	766
4.15091E14	645
4.15056E14	695
4.1502E14	524
4.14985E14	804
4.1495E14	678
4.14915E14	650
4.14879E14	596
4.14844E14	588
4.14809E14	626
4.14774E14	738
4.14739E14	646
4.14704E14	721
4.14668E14	664
4.14633E14	592
4.14598E14	578
4.14563E14	596
4.14528E14	670
4.14493E14	612
4.14458E14	762
4.14423E14	656
4.14387E14	566
4.14352E14	639
4.14317E14	798
4.14282E14	635
4.14247E14	644
4.14212E14	892
4.14177E14	642
4.14142E14	572
4.14107E14	724
4.14072E14	590
4.14037E14	651
4.14002E14	734
4.13967E14	618
4.13932E14	496
4.13897E14	594
4.13862E14	643
4.13827E14	657
4.13792E14	910
4.13757E14	637
4.13722E14	566
4.13687E14	546
4.13652E14	700
4.13617E14	603
4.13582E14	617
4.13547E14	774
4.13512E14	639
4.13477E14	558
4.13442E14	590
4.13407E14	704
4.13372E14	696
4.13337E14	844
4.13302E14	708
4.13267E14	487
4.13232E14	479
4.13197E14	724
4.13162E14	617
4.13128E14	660
4.13093E14	647
4.13058E14	405
4.13023E14	422
4.12988E14	443
4.12953E14	213
4.12918E14	317
4.12883E14	540
4.12849E14	443
4.12814E14	410
4.12779E14	287
4.12744E14	276
4.12709E14	310
4.12674E14	705
4.1264E14	523
4.12605E14	398
4.1257E14	363
4.12535E14	199
4.125E14	153
4.12466E14	276
4.12431E14	764
4.12396E14	493
4.12361E14	294
4.12327E14	218
4.12292E14	164
4.12257E14	359
4.12222E14	645
4.12188E14	395
4.12153E14	515
4.12118E14	378
4.12083E14	225
4.12049E14	170
4.12014E14	418
4.11979E14	626
4.11945E14	383
4.1191E14	388
4.11875E14	354
4.11841E14	161
4.11806E14	290
4.11771E14	643
4.11737E14	358
4.11702E14	376
4.11667E14	244
4.11633E14	211
4.11598E14	249
4.11563E14	847
4.11529E14	480
4.11494E14	430
4.11459E14	316
4.11425E14	157
4.1139E14	176
4.11356E14	244
4.11321E14	717
4.11287E14	518
4.11252E14	414
4.11217E14	352
4.11183E14	216
4.11148E14	306
4.11114E14	575
4.11079E14	466
4.11045E14	378
4.1101E14	406
4.10976E14	323
4.10941E14	178
4.10906E14	312
4.10872E14	571
4.10837E14	444
4.10803E14	289
4.10768E14	274
4.10734E14	197
4.10699E14	250
4.10665E14	714
4.10631E14	525
4.10596E14	387
4.10562E14	385
4.10527E14	296
4.10493E14	362
4.10458E14	549
4.10424E14	447
4.10389E14	306
4.10355E14	283
4.10321E14	211
4.10286E14	239
4.10252E14	405
4.10217E14	520
4.10183E14	416
4.10148E14	358
4.10114E14	392
4.1008E14	199
4.10045E14	313
4.10011E14	560
4.09977E14	423
4.09942E14	438
4.09908E14	305
4.09874E14	191
4.09839E14	208
4.09805E14	328
4.09771E14	537
4.09736E14	451
4.09702E14	442
4.09668E14	421
4.09633E14	227
4.09599E14	511
4.09565E14	646
4.0953E14	461
4.09496E14	260
4.09462E14	388
4.09428E14	324
4.09393E14	227
4.09359E14	789
4.09325E14	532
4.09291E14	333
4.09256E14	443
4.09222E14	373
4.09188E14	188
4.09154E14	467
4.09119E14	625
4.09085E14	455
4.09051E14	395
4.09017E14	359
4.08983E14	334
4.08948E14	224
4.08914E14	786
4.0888E14	524
4.08846E14	343
4.08812E14	365
4.08777E14	438
4.08743E14	219
4.08709E14	264
4.08675E14	572
4.08641E14	442
4.08607E14	412
4.08573E14	436
4.08538E14	223
4.08504E14	389
4.0847E14	755
4.08436E14	475
4.08402E14	564
4.08368E14	320
4.08334E14	227
4.083E14	481
4.08266E14	621
4.08232E14	394
4.08198E14	307
4.08164E14	353
4.08129E14	436
4.08095E14	286
4.08061E14	294
4.08027E14	688
4.07993E14	430
4.07959E14	423
4.07925E14	294
4.07891E14	241
4.07857E14	360
4.07823E14	647
4.07789E14	442
4.07755E14	499
4.07721E14	360
4.07687E14	242
4.07653E14	196
4.07619E14	380
4.07585E14	688
4.07551E14	413
4.07517E14	423
4.07483E14	323
4.0745E14	311
4.07416E14	307
4.07382E14	847
4.07348E14	492
4.07314E14	332
4.0728E14	301
4.07246E14	292
4.07212E14	281
4.07178E14	686
4.07144E14	426
4.0711E14	428
4.07077E14	332
4.07043E14	304
4.07009E14	328
4.06975E14	461
4.06941E14	644
4.06907E14	585
4.06873E14	397
4.0684E14	308
4.06806E14	184
4.06772E14	369
4.06738E14	634
4.06704E14	510
4.0667E14	383
4.06637E14	311
4.06603E14	306
4.06569E14	248
4.06535E14	394
4.06501E14	717
4.06468E14	337
4.06434E14	492
4.064E14	418
4.06366E14	327
4.06333E14	436
4.06299E14	641
4.06265E14	333
4.06231E14	455
4.06198E14	365
4.06164E14	317
4.0613E14	486
4.06096E14	729
4.06063E14	503
4.06029E14	404
4.05995E14	295
4.05962E14	297
4.05928E14	213
4.05894E14	335
4.05861E14	727
4.05827E14	608
4.05793E14	347
4.0576E14	285
4.05726E14	229
4.05692E14	304
4.05659E14	696
4.05625E14	567
4.05591E14	385
4.05558E14	461
4.05524E14	188
4.05491E14	171
4.05457E14	592
4.05423E14	657
4.0539E14	509
4.05356E14	348
4.05323E14	296
4.05289E14	157
4.05255E14	328
4.05222E14	603
4.05188E14	591
4.05155E14	537
4.05121E14	284
4.05088E14	239
4.05054E14	441
4.05021E14	654
4.04987E14	473
4.04953E14	378
4.0492E14	482
4.04886E14	292
4.04853E14	320
4.04819E14	448
4.04786E14	978
4.04752E14	514
4.04719E14	382
4.04685E14	403
4.04652E14	251
4.04618E14	426
4.04585E14	774
4.04552E14	550
4.04518E14	621
4.04485E14	321
4.04451E14	284
4.04418E14	228
4.04384E14	412
4.04351E14	693
4.04317E14	518
4.04284E14	378
4.04251E14	288
4.04217E14	159
4.04184E14	426
4.0415E14	700
4.04117E14	457
4.04084E14	410
4.0405E14	492
4.04017E14	327
4.03984E14	382
4.0395E14	797
4.03917E14	510
4.03883E14	428
4.0385E14	389
4.03817E14	312
4.03783E14	226
4.0375E14	355
4.03717E14	634
4.03684E14	589
4.0365E14	417
4.03617E14	267
4.03584E14	298
4.0355E14	448
4.03517E14	747
4.03484E14	487
4.0345E14	417
4.03417E14	432
4.03384E14	409
4.03351E14	229
4.03317E14	338
4.03284E14	723
4.03251E14	453
4.03218E14	395
4.03184E14	376
4.03151E14	163
4.03118E14	325
4.03085E14	769
4.03052E14	512
4.03018E14	373
4.02985E14	381
4.02952E14	252
4.02919E14	342
4.02886E14	714
4.02852E14	592
4.02819E14	499
4.02786E14	525
4.02753E14	217
4.0272E14	275
4.02687E14	460
4.02653E14	621
4.0262E14	621
4.02587E14	527
4.02554E14	493
4.02521E14	321
4.02488E14	491
4.02455E14	754
4.02422E14	439
4.02388E14	393
4.02355E14	518
4.02322E14	376
4.02289E14	263
4.02256E14	458
4.02223E14	709
4.0219E14	564
4.02157E14	437
4.02124E14	348
4.02091E14	231
4.02058E14	605
4.02025E14	741
4.01992E14	552
4.01959E14	511
4.01926E14	306
4.01893E14	218
4.01859E14	475
4.01826E14	772
4.01793E14	657
4.0176E14	473
4.01727E14	438
4.01694E14	331
4.01662E14	222
4.01629E14	347
4.01596E14	695
4.01563E14	368
4.0153E14	399
4.01497E14	320
4.01464E14	243
4.01431E14	420
4.01398E14	744
4.01365E14	486
4.01332E14	424
4.01299E14	414
4.01266E14	367
4.01233E14	248
4.012E14	364
4.01167E14	1074
4.01134E14	625
4.01102E14	511
4.01069E14	288
4.01036E14	239
4.01003E14	294
4.0097E14	697
4.00937E14	572
4.00904E14	549
4.00871E14	445
4.00839E14	382
4.00806E14	345
4.00773E14	365
4.0074E14	416
4.00707E14	340
4.00674E14	315
4.00642E14	359
4.00609E14	720
4.00576E14	351
4.00543E14	537
4.0051E14	453
4.00478E14	596
4.00445E14	395
4.00412E14	260
4.00379E14	312
4.00347E14	511
4.00314E14	407
4.00281E14	305
4.00248E14	425
4.00216E14	400
4.00183E14	258
4.0015E14	507
4.00117E14	696
4.00085E14	433
4.00052E14	441
4.00019E14	206
