Frequencia	Intensidade
7.49972E14	483
7.49857E14	374
7.49742E14	417
7.49627E14	676
7.49512E14	594
7.49397E14	406
7.49282E14	353
7.49168E14	404
7.49053E14	231
7.48938E14	353
7.48824E14	648
7.48709E14	463
7.48594E14	446
7.4848E14	374
7.48365E14	422
7.48251E14	446
7.48136E14	728
7.48022E14	545
7.47908E14	493
7.47793E14	438
7.47679E14	490
7.47565E14	385
7.47451E14	402
7.47336E14	982
7.47222E14	609
7.47108E14	451
7.46994E14	349
7.4688E14	322
7.46766E14	379
7.46652E14	606
7.46538E14	409
7.46424E14	373
7.4631E14	449
7.46196E14	271
7.46082E14	347
7.45969E14	721
7.45855E14	569
7.45741E14	579
7.45628E14	399
7.45514E14	383
7.454E14	313
7.45287E14	626
7.45173E14	861
7.4506E14	558
7.44946E14	465
7.44833E14	415
7.44719E14	339
7.44606E14	395
7.44493E14	688
7.44379E14	609
7.44266E14	410
7.44153E14	326
7.4404E14	292
7.43927E14	248
7.43813E14	466
7.437E14	786
7.43587E14	598
7.43474E14	460
7.43361E14	335
7.43248E14	314
7.43135E14	449
7.43023E14	737
7.4291E14	687
7.42797E14	558
7.42684E14	391
7.42571E14	233
7.42459E14	353
7.42346E14	684
7.42233E14	541
7.42121E14	499
7.42008E14	375
7.41896E14	345
7.41783E14	519
7.41671E14	437
7.41558E14	670
7.41446E14	438
7.41333E14	472
7.41221E14	543
7.41109E14	485
7.40997E14	386
7.40884E14	656
7.40772E14	688
7.4066E14	673
7.40548E14	395
7.40436E14	306
7.40324E14	367
7.40212E14	418
7.401E14	800
7.39988E14	462
7.39876E14	434
7.39764E14	581
7.39652E14	446
7.3954E14	419
7.39428E14	421
7.39317E14	332
7.39205E14	290
7.39093E14	366
7.38982E14	325
7.3887E14	513
7.38758E14	566
7.38647E14	532
7.38535E14	403
7.38424E14	376
7.38312E14	322
7.38201E14	281
7.3809E14	328
7.37978E14	592
7.37867E14	564
7.37756E14	454
7.37644E14	607
7.37533E14	357
7.37422E14	461
7.37311E14	768
7.372E14	529
7.37089E14	440
7.36978E14	399
7.36867E14	490
7.36756E14	310
7.36645E14	412
7.36534E14	671
7.36423E14	597
7.36312E14	440
7.36201E14	357
7.3609E14	370
7.3598E14	376
7.35869E14	538
7.35758E14	685
7.35648E14	305
7.35537E14	322
7.35426E14	278
7.35316E14	379
7.35205E14	730
7.35095E14	568
7.34984E14	404
7.34874E14	473
7.34764E14	293
7.34653E14	331
7.34543E14	477
7.34433E14	797
7.34322E14	659
7.34212E14	334
7.34102E14	378
7.33992E14	235
7.33882E14	418
7.33772E14	566
7.33661E14	581
7.33551E14	592
7.33441E14	469
7.33332E14	420
7.33222E14	345
7.33112E14	337
7.33002E14	726
7.32892E14	591
7.32782E14	572
7.32672E14	508
7.32563E14	301
7.32453E14	444
7.32343E14	776
7.32234E14	857
7.32124E14	585
7.32015E14	374
7.31905E14	202
7.31796E14	468
7.31686E14	668
7.31577E14	556
7.31467E14	451
7.31358E14	421
7.31249E14	366
7.31139E14	355
7.3103E14	632
7.30921E14	778
7.30812E14	594
7.30702E14	474
7.30593E14	463
7.30484E14	382
7.30375E14	415
7.30266E14	746
7.30157E14	648
7.30048E14	460
7.29939E14	426
7.2983E14	343
7.29721E14	243
7.29613E14	637
7.29504E14	852
7.29395E14	511
7.29286E14	379
7.29177E14	506
7.29069E14	330
7.2896E14	521
7.28852E14	795
7.28743E14	658
7.28634E14	455
7.28526E14	483
7.28417E14	239
7.28309E14	303
7.28201E14	845
7.28092E14	716
7.27984E14	488
7.27875E14	485
7.27767E14	412
7.27659E14	491
7.27551E14	689
7.27442E14	796
7.27334E14	550
7.27226E14	491
7.27118E14	607
7.2701E14	289
7.26902E14	520
7.26794E14	663
7.26686E14	778
7.26578E14	557
7.2647E14	530
7.26362E14	388
7.26254E14	274
7.26147E14	669
7.26039E14	869
7.25931E14	662
7.25823E14	567
7.25716E14	439
7.25608E14	364
7.255E14	512
7.25393E14	662
7.25285E14	646
7.25178E14	453
7.2507E14	590
7.24963E14	220
7.24855E14	444
7.24748E14	927
7.24641E14	733
7.24533E14	413
7.24426E14	518
7.24319E14	355
7.24211E14	452
7.24104E14	430
7.23997E14	722
7.2389E14	736
7.23783E14	465
7.23676E14	402
7.23569E14	520
7.23462E14	404
7.23355E14	843
7.23248E14	604
7.23141E14	525
7.23034E14	440
7.22927E14	440
7.2282E14	314
7.22713E14	608
7.22607E14	1148
7.225E14	639
7.22393E14	562
7.22287E14	429
7.2218E14	420
7.22073E14	432
7.21967E14	915
7.2186E14	712
7.21754E14	676
7.21647E14	446
7.21541E14	257
7.21434E14	324
7.21328E14	666
7.21222E14	530
7.21115E14	474
7.21009E14	536
7.20903E14	477
7.20797E14	291
7.2069E14	497
7.20584E14	761
7.20478E14	660
7.20372E14	494
7.20266E14	454
7.2016E14	390
7.20054E14	601
7.19948E14	722
7.19842E14	705
7.19736E14	602
7.1963E14	518
7.19524E14	449
7.19418E14	403
7.19313E14	620
7.19207E14	621
7.19101E14	520
7.18995E14	536
7.1889E14	452
7.18784E14	314
7.18679E14	642
7.18573E14	878
7.18467E14	569
7.18362E14	461
7.18256E14	545
7.18151E14	272
7.18046E14	515
7.1794E14	801
7.17835E14	652
7.17729E14	502
7.17624E14	485
7.17519E14	444
7.17414E14	315
7.17308E14	451
7.17203E14	793
7.17098E14	599
7.16993E14	611
7.16888E14	503
7.16783E14	581
7.16678E14	614
7.16573E14	901
7.16468E14	612
7.16363E14	601
7.16258E14	531
7.16153E14	497
7.16048E14	414
7.15944E14	478
7.15839E14	777
7.15734E14	661
7.15629E14	517
7.15525E14	438
7.1542E14	318
7.15315E14	674
7.15211E14	769
7.15106E14	627
7.15002E14	630
7.14897E14	557
7.14793E14	306
7.14688E14	330
7.14584E14	795
7.1448E14	677
7.14375E14	512
7.14271E14	457
7.14167E14	457
7.14062E14	433
7.13958E14	442
7.13854E14	654
7.1375E14	623
7.13646E14	608
7.13542E14	383
7.13438E14	290
7.13334E14	401
7.1323E14	1018
7.13126E14	846
7.13022E14	625
7.12918E14	612
7.12814E14	574
7.1271E14	458
7.12606E14	464
7.12502E14	671
7.12399E14	597
7.12295E14	440
7.12191E14	418
7.12087E14	273
7.11984E14	472
7.1188E14	761
7.11777E14	572
7.11673E14	593
7.11569E14	420
7.11466E14	319
7.11363E14	490
7.11259E14	763
7.11156E14	715
7.11052E14	526
7.10949E14	468
7.10846E14	356
7.10742E14	495
7.10639E14	465
7.10536E14	889
7.10433E14	658
7.1033E14	566
7.10226E14	442
7.10123E14	337
7.1002E14	487
7.09917E14	978
7.09814E14	764
7.09711E14	533
7.09608E14	580
7.09505E14	491
7.09402E14	306
7.09299E14	553
7.09197E14	939
7.09094E14	651
7.08991E14	446
7.08888E14	334
7.08786E14	432
7.08683E14	529
7.0858E14	783
7.08478E14	664
7.08375E14	526
7.08272E14	533
7.0817E14	306
7.08067E14	501
7.07965E14	705
7.07862E14	572
7.0776E14	543
7.07658E14	434
7.07555E14	411
7.07453E14	365
7.07351E14	541
7.07248E14	910
7.07146E14	751
7.07044E14	542
7.06942E14	536
7.0684E14	334
7.06737E14	443
7.06635E14	768
7.06533E14	797
7.06431E14	588
7.06329E14	543
7.06227E14	590
7.06125E14	389
7.06023E14	425
7.05922E14	799
7.0582E14	670
7.05718E14	781
7.05616E14	547
7.05514E14	339
7.05413E14	435
7.05311E14	856
7.05209E14	720
7.05107E14	531
7.05006E14	479
7.04904E14	357
7.04803E14	646
7.04701E14	858
7.046E14	543
7.04498E14	899
7.04397E14	563
7.04295E14	446
7.04194E14	501
7.04093E14	579
7.03991E14	782
7.0389E14	561
7.03789E14	463
7.03687E14	529
7.03586E14	330
7.03485E14	408
7.03384E14	902
7.03283E14	780
7.03182E14	681
7.03081E14	557
7.0298E14	395
7.02878E14	747
7.02778E14	456
7.02677E14	869
7.02576E14	660
7.02475E14	453
7.02374E14	434
7.02273E14	401
7.02172E14	491
7.02071E14	936
7.01971E14	551
7.0187E14	441
7.01769E14	555
7.01669E14	254
7.01568E14	425
7.01467E14	788
7.01367E14	568
7.01266E14	497
7.01166E14	512
7.01065E14	456
7.00965E14	414
7.00864E14	502
7.00764E14	833
7.00664E14	654
7.00563E14	477
7.00463E14	464
7.00363E14	368
7.00262E14	467
7.00162E14	864
7.00062E14	711
6.99962E14	514
6.99862E14	590
6.99761E14	402
6.99661E14	385
6.99561E14	629
6.99461E14	734
6.99361E14	555
6.99261E14	449
6.99161E14	380
6.99061E14	326
6.98962E14	644
6.98862E14	814
6.98762E14	725
6.98662E14	664
6.98562E14	721
6.98463E14	309
6.98363E14	485
6.98263E14	732
6.98163E14	840
6.98064E14	590
6.97964E14	545
6.97865E14	405
6.97765E14	444
6.97666E14	485
6.97566E14	1022
6.97467E14	660
6.97367E14	570
6.97268E14	454
6.97168E14	480
6.97069E14	576
6.9697E14	885
6.9687E14	681
6.96771E14	565
6.96672E14	413
6.96573E14	646
6.96474E14	558
6.96374E14	462
6.96275E14	788
6.96176E14	630
6.96077E14	411
6.95978E14	508
6.95879E14	439
6.9578E14	635
6.95681E14	714
6.95582E14	556
6.95483E14	584
6.95384E14	562
6.95286E14	365
6.95187E14	405
6.95088E14	810
6.94989E14	598
6.9489E14	600
6.94792E14	403
6.94693E14	430
6.94594E14	609
6.94496E14	558
6.94397E14	888
6.94299E14	644
6.942E14	649
6.94102E14	605
6.94003E14	387
6.93905E14	454
6.93806E14	770
6.93708E14	594
6.9361E14	632
6.93511E14	646
6.93413E14	494
6.93315E14	414
6.93216E14	463
6.93118E14	772
6.9302E14	1104
6.92922E14	629
6.92824E14	538
6.92726E14	306
6.92627E14	521
6.92529E14	898
6.92431E14	640
6.92333E14	519
6.92235E14	557
6.92137E14	313
6.92039E14	464
6.91942E14	811
6.91844E14	551
6.91746E14	741
6.91648E14	565
6.9155E14	344
6.91453E14	419
6.91355E14	484
6.91257E14	877
6.91159E14	881
6.91062E14	577
6.90964E14	506
6.90867E14	475
6.90769E14	858
6.90672E14	1169
6.90574E14	661
6.90477E14	565
6.90379E14	632
6.90282E14	424
6.90184E14	567
6.90087E14	569
6.8999E14	868
6.89892E14	768
6.89795E14	421
6.89698E14	387
6.896E14	400
6.89503E14	537
6.89406E14	811
6.89309E14	658
6.89212E14	511
6.89115E14	624
6.89018E14	498
6.88921E14	583
6.88824E14	919
6.88727E14	717
6.8863E14	553
6.88533E14	594
6.88436E14	540
6.88339E14	514
6.88242E14	592
6.88145E14	869
6.88048E14	629
6.87952E14	733
6.87855E14	701
6.87758E14	520
6.87662E14	683
6.87565E14	845
6.87468E14	660
6.87372E14	606
6.87275E14	495
6.87179E14	536
6.87082E14	381
6.86986E14	507
6.86889E14	788
6.86793E14	530
6.86696E14	629
6.866E14	491
6.86503E14	307
6.86407E14	557
6.86311E14	897
6.86215E14	803
6.86118E14	704
6.86022E14	519
6.85926E14	405
6.8583E14	526
6.85734E14	1000
6.85637E14	904
6.85541E14	713
6.85445E14	624
6.85349E14	565
6.85253E14	438
6.85157E14	529
6.85061E14	868
6.84965E14	715
6.84869E14	763
6.84774E14	533
6.84678E14	535
6.84582E14	493
6.84486E14	843
6.8439E14	773
6.84295E14	468
6.84199E14	568
6.84103E14	537
6.84008E14	299
6.83912E14	702
6.83816E14	1056
6.83721E14	968
6.83625E14	657
6.8353E14	471
6.83434E14	427
6.83339E14	566
6.83243E14	794
6.83148E14	673
6.83052E14	608
6.82957E14	662
6.82862E14	298
6.82766E14	536
6.82671E14	945
6.82576E14	707
6.82481E14	585
6.82385E14	584
6.8229E14	513
6.82195E14	486
6.821E14	416
6.82005E14	826
6.8191E14	706
6.81815E14	543
6.8172E14	472
6.81625E14	355
6.8153E14	642
6.81435E14	921
6.8134E14	750
6.81245E14	711
6.8115E14	645
6.81055E14	505
6.8096E14	502
6.80866E14	484
6.80771E14	912
6.80676E14	817
6.80581E14	582
6.80487E14	545
6.80392E14	406
6.80298E14	663
6.80203E14	972
6.80108E14	639
6.80014E14	808
6.79919E14	721
6.79825E14	525
6.7973E14	460
6.79636E14	1232
6.79541E14	870
6.79447E14	614
6.79353E14	544
6.79258E14	562
6.79164E14	461
6.7907E14	623
6.78976E14	805
6.78881E14	698
6.78787E14	591
6.78693E14	698
6.78599E14	428
6.78505E14	652
6.78411E14	875
6.78316E14	789
6.78222E14	628
6.78128E14	515
6.78034E14	495
6.7794E14	462
6.77846E14	490
6.77753E14	839
6.77659E14	656
6.77565E14	552
6.77471E14	566
6.77377E14	485
6.77283E14	749
6.7719E14	1087
6.77096E14	681
6.77002E14	642
6.76908E14	581
6.76815E14	411
6.76721E14	844
6.76628E14	913
6.76534E14	709
6.7644E14	843
6.76347E14	610
6.76253E14	519
6.7616E14	478
6.76066E14	669
6.75973E14	813
6.7588E14	778
6.75786E14	657
6.75693E14	487
6.756E14	529
6.75506E14	568
6.75413E14	921
6.7532E14	898
6.75227E14	731
6.75133E14	562
6.7504E14	482
6.74947E14	312
6.74854E14	585
6.74761E14	897
6.74668E14	787
6.74575E14	552
6.74482E14	561
6.74389E14	545
6.74296E14	567
6.74203E14	952
6.7411E14	928
6.74017E14	576
6.73924E14	576
6.73831E14	359
6.73738E14	576
6.73646E14	792
6.73553E14	822
6.7346E14	771
6.73367E14	826
6.73275E14	631
6.73182E14	540
6.7309E14	494
6.72997E14	727
6.72904E14	785
6.72812E14	572
6.72719E14	449
6.72627E14	662
6.72534E14	540
6.72442E14	1022
6.72349E14	805
6.72257E14	752
6.72165E14	638
6.72072E14	513
6.7198E14	570
6.71888E14	669
6.71795E14	718
6.71703E14	632
6.71611E14	647
6.71519E14	558
6.71427E14	506
6.71334E14	711
6.71242E14	1102
6.7115E14	900
6.71058E14	596
6.70966E14	544
6.70874E14	400
6.70782E14	752
6.7069E14	945
6.70598E14	735
6.70506E14	544
6.70414E14	632
6.70322E14	596
6.70231E14	462
6.70139E14	600
6.70047E14	850
6.69955E14	611
6.69863E14	606
6.69772E14	428
6.6968E14	399
6.69588E14	523
6.69497E14	857
6.69405E14	783
6.69313E14	565
6.69222E14	641
6.6913E14	657
6.69039E14	473
6.68947E14	566
6.68856E14	974
6.68764E14	669
6.68673E14	507
6.68582E14	498
6.6849E14	401
6.68399E14	755
6.68308E14	878
6.68216E14	809
6.68125E14	645
6.68034E14	580
6.67943E14	397
6.67851E14	610
6.6776E14	990
6.67669E14	869
6.67578E14	649
6.67487E14	542
6.67396E14	609
6.67305E14	535
6.67214E14	571
6.67123E14	910
6.67032E14	773
6.66941E14	640
6.6685E14	467
6.66759E14	530
6.66668E14	634
6.66577E14	1226
6.66486E14	774
6.66396E14	854
6.66305E14	606
6.66214E14	346
6.66123E14	417
6.66033E14	705
6.65942E14	1171
6.65851E14	768
6.65761E14	569
6.6567E14	558
6.6558E14	421
6.65489E14	631
6.65398E14	1181
6.65308E14	744
6.65217E14	585
6.65127E14	560
6.65037E14	356
6.64946E14	697
6.64856E14	881
6.64765E14	628
6.64675E14	521
6.64585E14	610
6.64495E14	428
6.64404E14	579
6.64314E14	554
6.64224E14	942
6.64134E14	853
6.64044E14	684
6.63953E14	512
6.63863E14	545
6.63773E14	560
6.63683E14	1006
6.63593E14	738
6.63503E14	637
6.63413E14	635
6.63323E14	504
6.63233E14	511
6.63143E14	587
6.63053E14	1150
6.62964E14	830
6.62874E14	647
6.62784E14	489
6.62694E14	480
6.62604E14	565
6.62515E14	1001
6.62425E14	763
6.62335E14	655
6.62246E14	822
6.62156E14	512
6.62066E14	767
6.61977E14	955
6.61887E14	790
6.61798E14	731
6.61708E14	547
6.61618E14	675
6.61529E14	616
6.6144E14	670
6.6135E14	958
6.61261E14	820
6.61171E14	623
6.61082E14	419
6.60993E14	714
6.60903E14	651
6.60814E14	894
6.60725E14	650
6.60636E14	728
6.60546E14	703
6.60457E14	479
6.60368E14	394
6.60279E14	617
6.6019E14	879
6.60101E14	736
6.60012E14	605
6.59923E14	668
6.59834E14	452
6.59745E14	564
6.59656E14	978
6.59567E14	919
6.59478E14	752
6.59389E14	650
6.593E14	326
6.59211E14	690
6.59122E14	975
6.59033E14	782
6.58945E14	680
6.58856E14	587
6.58767E14	531
6.58678E14	638
6.5859E14	638
6.58501E14	953
6.58413E14	700
6.58324E14	564
6.58235E14	685
6.58147E14	733
6.58058E14	665
6.5797E14	494
6.57881E14	447
6.57793E14	428
6.57704E14	530
6.57616E14	574
6.57527E14	581
6.57439E14	774
6.57351E14	914
6.57262E14	679
6.57174E14	687
6.57086E14	667
6.56998E14	556
6.56909E14	689
6.56821E14	959
6.56733E14	776
6.56645E14	672
6.56557E14	596
6.56469E14	456
6.5638E14	476
6.56292E14	966
6.56204E14	760
6.56116E14	838
6.56028E14	661
6.5594E14	689
6.55852E14	533
6.55765E14	589
6.55677E14	862
6.55589E14	721
6.55501E14	686
6.55413E14	645
6.55325E14	663
6.55237E14	683
6.5515E14	1076
6.55062E14	770
6.54974E14	712
6.54887E14	586
6.54799E14	725
6.54711E14	600
6.54624E14	651
6.54536E14	846
6.54448E14	973
6.54361E14	801
6.54273E14	591
6.54186E14	453
6.54098E14	607
6.54011E14	884
6.53924E14	720
6.53836E14	765
6.53749E14	569
6.53661E14	316
6.53574E14	577
6.53487E14	986
6.53399E14	691
6.53312E14	763
6.53225E14	723
6.53138E14	687
6.53051E14	505
6.52963E14	636
6.52876E14	1181
6.52789E14	936
6.52702E14	721
6.52615E14	559
6.52528E14	581
6.52441E14	669
6.52354E14	1042
6.52267E14	783
6.5218E14	633
6.52093E14	921
6.52006E14	714
6.51919E14	487
6.51832E14	531
6.51745E14	918
6.51659E14	806
6.51572E14	620
6.51485E14	735
6.51398E14	453
6.51311E14	583
6.51225E14	944
6.51138E14	703
6.51051E14	646
6.50965E14	721
6.50878E14	555
6.50792E14	688
6.50705E14	880
6.50618E14	832
6.50532E14	623
6.50445E14	677
6.50359E14	506
6.50272E14	482
6.50186E14	617
6.501E14	1092
6.50013E14	1024
6.49927E14	649
6.49841E14	517
6.49754E14	456
6.49668E14	785
6.49582E14	920
6.49495E14	912
6.49409E14	851
6.49323E14	704
6.49237E14	558
6.49151E14	479
6.49064E14	860
6.48978E14	1101
6.48892E14	837
6.48806E14	644
6.4872E14	481
6.48634E14	460
6.48548E14	632
6.48462E14	1108
6.48376E14	1116
6.4829E14	896
6.48204E14	765
6.48118E14	650
6.48033E14	676
6.47947E14	891
6.47861E14	869
6.47775E14	646
6.47689E14	614
6.47604E14	650
6.47518E14	599
6.47432E14	718
6.47347E14	1115
6.47261E14	1023
6.47175E14	851
6.4709E14	679
6.47004E14	603
6.46918E14	498
6.46833E14	875
6.46747E14	784
6.46662E14	714
6.46576E14	766
6.46491E14	533
6.46406E14	553
6.4632E14	597
6.46235E14	1070
6.46149E14	857
6.46064E14	735
6.45979E14	563
6.45893E14	478
6.45808E14	951
6.45723E14	1169
6.45638E14	920
6.45552E14	815
6.45467E14	718
6.45382E14	645
6.45297E14	673
6.45212E14	983
6.45127E14	999
6.45042E14	709
6.44957E14	511
6.44872E14	576
6.44787E14	573
6.44702E14	676
6.44617E14	996
6.44532E14	713
6.44447E14	687
6.44362E14	557
6.44277E14	543
6.44192E14	669
6.44107E14	1054
6.44023E14	765
6.43938E14	765
6.43853E14	663
6.43768E14	525
6.43684E14	529
6.43599E14	701
6.43514E14	900
6.4343E14	736
6.43345E14	764
6.4326E14	596
6.43176E14	589
6.43091E14	621
6.43007E14	1074
6.42922E14	745
6.42838E14	726
6.42753E14	648
6.42669E14	414
6.42584E14	566
6.425E14	1034
6.42416E14	921
6.42331E14	768
6.42247E14	669
6.42163E14	568
6.42078E14	609
6.41994E14	708
6.4191E14	1061
6.41826E14	920
6.41741E14	698
6.41657E14	634
6.41573E14	576
6.41489E14	698
6.41405E14	912
6.41321E14	815
6.41237E14	802
6.41153E14	786
6.41068E14	646
6.40984E14	501
6.409E14	621
6.40817E14	987
6.40733E14	1087
6.40649E14	779
6.40565E14	680
6.40481E14	506
6.40397E14	675
6.40313E14	1002
6.40229E14	806
6.40146E14	863
6.40062E14	682
6.39978E14	454
6.39894E14	592
6.39811E14	1035
6.39727E14	822
6.39643E14	899
6.3956E14	716
6.39476E14	521
6.39393E14	752
6.39309E14	769
6.39225E14	1000
6.39142E14	924
6.39058E14	754
6.38975E14	575
6.38891E14	609
6.38808E14	575
6.38725E14	1099
6.38641E14	765
6.38558E14	769
6.38475E14	716
6.38391E14	748
6.38308E14	488
6.38225E14	627
6.38141E14	982
6.38058E14	892
6.37975E14	697
6.37892E14	596
6.37809E14	383
6.37725E14	597
6.37642E14	991
6.37559E14	909
6.37476E14	690
6.37393E14	555
6.3731E14	537
6.37227E14	588
6.37144E14	972
6.37061E14	836
6.36978E14	733
6.36895E14	645
6.36812E14	753
6.36729E14	537
6.36646E14	899
6.36564E14	1053
6.36481E14	859
6.36398E14	694
6.36315E14	632
6.36232E14	505
6.3615E14	638
6.36067E14	976
6.35984E14	827
6.35901E14	648
6.35819E14	730
6.35736E14	541
6.35654E14	575
6.35571E14	690
6.35488E14	856
6.35406E14	894
6.35323E14	650
6.35241E14	674
6.35158E14	599
6.35076E14	952
6.34993E14	1199
6.34911E14	892
6.34829E14	693
6.34746E14	631
6.34664E14	483
6.34582E14	668
6.34499E14	969
6.34417E14	910
6.34335E14	781
6.34252E14	720
6.3417E14	614
6.34088E14	625
6.34006E14	786
6.33924E14	1215
6.33842E14	825
6.33759E14	778
6.33677E14	614
6.33595E14	578
6.33513E14	669
6.33431E14	934
6.33349E14	785
6.33267E14	794
6.33185E14	715
6.33103E14	652
6.33021E14	611
6.32939E14	1203
6.32857E14	1251
6.32776E14	807
6.32694E14	538
6.32612E14	554
6.3253E14	543
6.32448E14	686
6.32367E14	1042
6.32285E14	1001
6.32203E14	810
6.32121E14	594
6.3204E14	493
6.31958E14	614
6.31876E14	989
6.31795E14	724
6.31713E14	645
6.31632E14	741
6.3155E14	650
6.31469E14	649
6.31387E14	826
6.31306E14	1053
6.31224E14	789
6.31143E14	694
6.31061E14	592
6.3098E14	633
6.30898E14	614
6.30817E14	1295
6.30736E14	1182
6.30654E14	862
6.30573E14	938
6.30492E14	775
6.30411E14	573
6.30329E14	776
6.30248E14	1067
6.30167E14	814
6.30086E14	834
6.30005E14	689
6.29924E14	524
6.29842E14	699
6.29761E14	1200
6.2968E14	901
6.29599E14	730
6.29518E14	610
6.29437E14	453
6.29356E14	593
6.29275E14	953
6.29194E14	829
6.29113E14	826
6.29032E14	884
6.28952E14	711
6.28871E14	592
6.2879E14	600
6.28709E14	894
6.28628E14	800
6.28548E14	1022
6.28467E14	1088
6.28386E14	1200
6.28305E14	1192
6.28225E14	1302
6.28144E14	1195
6.28063E14	992
6.27983E14	934
6.27902E14	1088
6.27821E14	1284
6.27741E14	1432
6.2766E14	1328
6.2758E14	1135
6.27499E14	963
6.27419E14	1105
6.27338E14	1420
6.27258E14	1284
6.27177E14	1244
6.27097E14	1326
6.27017E14	1282
6.26936E14	1032
6.26856E14	996
6.26776E14	1379
6.26695E14	1402
6.26615E14	1323
6.26535E14	1197
6.26455E14	1040
6.26374E14	986
6.26294E14	1352
6.26214E14	1235
6.26134E14	1360
6.26054E14	1314
6.25974E14	1162
6.25893E14	1144
6.25813E14	1378
6.25733E14	1281
6.25653E14	1378
6.25573E14	1319
6.25493E14	1206
6.25413E14	1079
6.25333E14	1306
6.25253E14	1532
6.25174E14	1432
6.25094E14	1370
6.25014E14	1302
6.24934E14	1146
6.24854E14	1418
6.24774E14	1584
6.24695E14	1415
6.24615E14	1430
6.24535E14	1352
6.24455E14	1224
6.24376E14	1635
6.24296E14	1977
6.24216E14	2325
6.24137E14	1968
6.24057E14	1933
6.23977E14	1935
6.23898E14	1584
6.23818E14	1843
6.23739E14	2623
6.23659E14	2261
6.2358E14	2186
6.235E14	2086
6.23421E14	1485
6.23341E14	1703
6.23262E14	2673
6.23182E14	2079
6.23103E14	1915
6.23024E14	1798
6.22944E14	1809
6.22865E14	1660
6.22786E14	2062
6.22706E14	2488
6.22627E14	2278
6.22548E14	2270
6.22469E14	2390
6.22389E14	1730
6.2231E14	1993
6.22231E14	2556
6.22152E14	2114
6.22073E14	2012
6.21994E14	2141
6.21915E14	2238
6.21836E14	1829
6.21757E14	2613
6.21678E14	2777
6.21599E14	2357
6.2152E14	2397
6.21441E14	2175
6.21362E14	1965
6.21283E14	2095
6.21204E14	2628
6.21125E14	2506
6.21046E14	2455
6.20967E14	2333
6.20888E14	1955
6.2081E14	2318
6.20731E14	2815
6.20652E14	2804
6.20573E14	2577
6.20495E14	2497
6.20416E14	2308
6.20337E14	2014
6.20259E14	2242
6.2018E14	2931
6.20101E14	2674
6.20023E14	2530
6.19944E14	2641
6.19866E14	2167
6.19787E14	2670
6.19709E14	3275
6.1963E14	2882
6.19552E14	2829
6.19473E14	2811
6.19395E14	2384
6.19316E14	2286
6.19238E14	2670
6.19159E14	3144
6.19081E14	2765
6.19003E14	2647
6.18924E14	2572
6.18846E14	2585
6.18768E14	2799
6.1869E14	3141
6.18611E14	2878
6.18533E14	3034
6.18455E14	2876
6.18377E14	2989
6.18299E14	2843
6.1822E14	3135
6.18142E14	2913
6.18064E14	2865
6.17986E14	3127
6.17908E14	2909
6.1783E14	2630
6.17752E14	3060
6.17674E14	3514
6.17596E14	3804
6.17518E14	3256
6.1744E14	3050
6.17362E14	2774
6.17284E14	2924
6.17206E14	3534
6.17129E14	3330
6.17051E14	3467
6.16973E14	3329
6.16895E14	2929
6.16817E14	2849
6.16739E14	2968
6.16662E14	3628
6.16584E14	3464
6.16506E14	3202
6.16429E14	3313
6.16351E14	2974
6.16273E14	3051
6.16196E14	3928
6.16118E14	3528
6.1604E14	3418
6.15963E14	3520
6.15885E14	3157
6.15808E14	3414
6.1573E14	4054
6.15653E14	3665
6.15575E14	3759
6.15498E14	3655
6.1542E14	3487
6.15343E14	2958
6.15266E14	3707
6.15188E14	3848
6.15111E14	3659
6.15033E14	3599
6.14956E14	3398
6.14879E14	3337
6.14802E14	3575
6.14724E14	4218
6.14647E14	3581
6.1457E14	3721
6.14493E14	3678
6.14415E14	3765
6.14338E14	3663
6.14261E14	3881
6.14184E14	4369
6.14107E14	3948
6.1403E14	3845
6.13953E14	3776
6.13876E14	3464
6.13799E14	3940
6.13722E14	4476
6.13645E14	4181
6.13568E14	4032
6.13491E14	3986
6.13414E14	3687
6.13337E14	4145
6.1326E14	4761
6.13183E14	4323
6.13106E14	4134
6.13029E14	4097
6.12953E14	3965
6.12876E14	3976
6.12799E14	4118
6.12722E14	4696
6.12646E14	4508
6.12569E14	4430
6.12492E14	4454
6.12415E14	4013
6.12339E14	4465
6.12262E14	5324
6.12186E14	4508
6.12109E14	4551
6.12032E14	4557
6.11956E14	4134
6.11879E14	4501
6.11803E14	4888
6.11726E14	5430
6.1165E14	4592
6.11573E14	5175
6.11497E14	4766
6.1142E14	4053
6.11344E14	4513
6.11268E14	5243
6.11191E14	5165
6.11115E14	4766
6.11038E14	4861
6.10962E14	4515
6.10886E14	4580
6.1081E14	5496
6.10733E14	5365
6.10657E14	4804
6.10581E14	5187
6.10505E14	4963
6.10428E14	4613
6.10352E14	5304
6.10276E14	5860
6.102E14	5190
6.10124E14	5236
6.10048E14	5371
6.09972E14	4620
6.09896E14	5436
6.0982E14	5980
6.09744E14	5112
6.09668E14	5348
6.09592E14	5274
6.09516E14	5256
6.0944E14	4986
6.09364E14	5667
6.09288E14	6438
6.09212E14	5653
6.09136E14	5448
6.0906E14	5530
6.08984E14	5381
6.08909E14	5670
6.08833E14	6083
6.08757E14	6208
6.08681E14	5942
6.08606E14	5999
6.0853E14	5690
6.08454E14	5818
6.08379E14	6657
6.08303E14	6349
6.08227E14	6219
6.08152E14	6382
6.08076E14	5840
6.08E14	5275
6.07925E14	6574
6.07849E14	7068
6.07774E14	6356
6.07698E14	6309
6.07623E14	6560
6.07547E14	5973
6.07472E14	6322
6.07396E14	6951
6.07321E14	6762
6.07246E14	6696
6.0717E14	6806
6.07095E14	6376
6.0702E14	6425
6.06944E14	6417
6.06869E14	7189
6.06794E14	7274
6.06718E14	6893
6.06643E14	6690
6.06568E14	6609
6.06493E14	7205
6.06418E14	7822
6.06342E14	7199
6.06267E14	7135
6.06192E14	7197
6.06117E14	6638
6.06042E14	7067
6.05967E14	7924
6.05892E14	7269
6.05817E14	7182
6.05742E14	7346
6.05667E14	7311
6.05592E14	7119
6.05517E14	7427
6.05442E14	7957
6.05367E14	8075
6.05292E14	7901
6.05217E14	7458
6.05142E14	7152
6.05067E14	7826
6.04993E14	8637
6.04918E14	7745
6.04843E14	8233
6.04768E14	7966
6.04693E14	7939
6.04619E14	7691
6.04544E14	8566
6.04469E14	8792
6.04395E14	8509
6.0432E14	8198
6.04245E14	8321
6.04171E14	8301
6.04096E14	8389
6.04021E14	8884
6.03947E14	8365
6.03872E14	8217
6.03798E14	8825
6.03723E14	8105
6.03649E14	8429
6.03574E14	9367
6.035E14	9136
6.03425E14	8815
6.03351E14	9031
6.03276E14	8406
6.03202E14	8753
6.03128E14	9220
6.03053E14	9788
6.02979E14	10083
6.02905E14	9574
6.0283E14	9161
6.02756E14	8953
6.02682E14	9186
6.02608E14	9849
6.02533E14	9662
6.02459E14	9579
6.02385E14	9495
6.02311E14	9530
6.02237E14	9530
6.02162E14	10342
6.02088E14	10639
6.02014E14	9764
6.0194E14	10524
6.01866E14	9943
6.01792E14	9902
6.01718E14	10199
6.01644E14	10785
6.0157E14	10659
6.01496E14	10544
6.01422E14	10542
6.01348E14	10165
6.01274E14	10780
6.012E14	10900
6.01126E14	11113
6.01053E14	11175
6.00979E14	10938
6.00905E14	11274
6.00831E14	10206
6.00757E14	11092
6.00684E14	12010
6.0061E14	11460
6.00536E14	11108
6.00462E14	11186
6.00389E14	11418
6.00315E14	11190
6.00241E14	12250
6.00168E14	11795
6.00094E14	12092
6.0002E14	12719
5.99947E14	11877
5.99873E14	11537
5.998E14	12532
5.99726E14	12978
5.99653E14	12541
5.99579E14	12972
5.99506E14	12435
5.99432E14	11959
5.99359E14	12746
5.99285E14	13303
5.99212E14	12735
5.99138E14	12872
5.99065E14	13131
5.98992E14	12796
5.98918E14	13476
5.98845E14	14087
5.98772E14	13127
5.98699E14	13445
5.98625E14	13915
5.98552E14	13099
5.98479E14	12965
5.98406E14	14047
5.98332E14	14640
5.98259E14	13969
5.98186E14	14039
5.98113E14	14183
5.9804E14	13685
5.97967E14	14129
5.97894E14	15166
5.9782E14	14503
5.97747E14	14592
5.97674E14	15242
5.97601E14	14419
5.97528E14	14188
5.97455E14	14977
5.97382E14	15378
5.97309E14	15753
5.97237E14	15805
5.97164E14	14929
5.97091E14	14827
5.97018E14	15804
5.96945E14	16301
5.96872E14	15732
5.96799E14	15972
5.96727E14	16323
5.96654E14	16028
5.96581E14	16025
5.96508E14	15906
5.96436E14	16170
5.96363E14	16539
5.9629E14	16265
5.96217E14	16913
5.96145E14	16316
5.96072E14	16992
5.95999E14	17473
5.95927E14	16699
5.95854E14	16980
5.95782E14	17931
5.95709E14	17190
5.95637E14	17147
5.95564E14	17683
5.95492E14	18181
5.95419E14	18964
5.95347E14	17755
5.95274E14	17637
5.95202E14	18177
5.95129E14	18770
5.95057E14	19149
5.94985E14	18616
5.94912E14	18140
5.9484E14	17696
5.94768E14	18262
5.94695E14	19180
5.94623E14	19775
5.94551E14	19295
5.94478E14	18964
5.94406E14	19650
5.94334E14	18300
5.94262E14	19313
5.9419E14	21083
5.94117E14	19958
5.94045E14	19603
5.93973E14	19509
5.93901E14	19956
5.93829E14	19156
5.93757E14	19898
5.93685E14	21203
5.93613E14	20963
5.93541E14	20232
5.93469E14	20625
5.93397E14	20326
5.93325E14	20579
5.93253E14	21485
5.93181E14	21661
5.93109E14	21292
5.93037E14	21058
5.92965E14	21782
5.92893E14	21767
5.92821E14	21643
5.92749E14	22432
5.92678E14	21896
5.92606E14	22848
5.92534E14	22358
5.92462E14	21018
5.92391E14	22475
5.92319E14	23417
5.92247E14	22515
5.92175E14	23455
5.92104E14	23808
5.92032E14	22553
5.9196E14	23090
5.91889E14	23944
5.91817E14	23608
5.91746E14	23269
5.91674E14	23417
5.91602E14	22680
5.91531E14	23801
5.91459E14	24861
5.91388E14	23890
5.91316E14	24237
5.91245E14	24492
5.91173E14	24797
5.91102E14	24319
5.91031E14	24395
5.90959E14	26433
5.90888E14	25933
5.90816E14	25326
5.90745E14	25107
5.90674E14	24675
5.90602E14	25701
5.90531E14	24835
5.9046E14	25923
5.90389E14	26284
5.90317E14	26274
5.90246E14	26336
5.90175E14	26220
5.90104E14	26363
5.90033E14	27166
5.89961E14	27340
5.8989E14	27788
5.89819E14	27212
5.89748E14	27270
5.89677E14	28005
5.89606E14	28649
5.89535E14	27652
5.89464E14	28216
5.89393E14	28689
5.89322E14	28264
5.89251E14	27460
5.8918E14	27998
5.89109E14	29966
5.89038E14	28562
5.88967E14	28705
5.88896E14	29917
5.88825E14	29413
5.88754E14	30290
5.88683E14	29375
5.88613E14	30641
5.88542E14	30760
5.88471E14	29610
5.884E14	30584
5.88329E14	29674
5.88259E14	31449
5.88188E14	32335
5.88117E14	30789
5.88046E14	31000
5.87976E14	30286
5.87905E14	30685
5.87834E14	30708
5.87764E14	31908
5.87693E14	31890
5.87623E14	30751
5.87552E14	31480
5.87481E14	31121
5.87411E14	31023
5.8734E14	33066
5.8727E14	32344
5.87199E14	32748
5.87129E14	32735
5.87058E14	31511
5.86988E14	32956
5.86918E14	34486
5.86847E14	34111
5.86777E14	33754
5.86706E14	33873
5.86636E14	33517
5.86566E14	33670
5.86495E14	34333
5.86425E14	35480
5.86355E14	34996
5.86284E14	35055
5.86214E14	34731
5.86144E14	34800
5.86074E14	34373
5.86003E14	37315
5.85933E14	36748
5.85863E14	35252
5.85793E14	36809
5.85723E14	35276
5.85653E14	35669
5.85583E14	35774
5.85512E14	38132
5.85442E14	36432
5.85372E14	36189
5.85302E14	36592
5.85232E14	34597
5.85162E14	37232
5.85092E14	38233
5.85022E14	37002
5.84952E14	37053
5.84882E14	38150
5.84812E14	37825
5.84743E14	36838
5.84673E14	38073
5.84603E14	38873
5.84533E14	38429
5.84463E14	37223
5.84393E14	37551
5.84323E14	38532
5.84254E14	38634
5.84184E14	39779
5.84114E14	39775
5.84044E14	38689
5.83975E14	40701
5.83905E14	39837
5.83835E14	38005
5.83766E14	39807
5.83696E14	40130
5.83626E14	40048
5.83557E14	40113
5.83487E14	39523
5.83417E14	40320
5.83348E14	39176
5.83278E14	40035
5.83209E14	40744
5.83139E14	39798
5.8307E14	41196
5.83E14	39452
5.82931E14	40429
5.82861E14	41801
5.82792E14	41619
5.82722E14	39750
5.82653E14	41436
5.82584E14	42071
5.82514E14	41065
5.82445E14	42828
5.82376E14	42197
5.82306E14	42173
5.82237E14	42204
5.82168E14	41849
5.82098E14	39950
5.82029E14	42680
5.8196E14	42253
5.81891E14	41400
5.81821E14	42264
5.81752E14	38155
5.81683E14	37873
5.81614E14	36460
5.81545E14	42717
5.81476E14	43164
5.81406E14	41746
5.81337E14	43413
5.81268E14	43109
5.81199E14	41650
5.8113E14	42602
5.81061E14	43068
5.80992E14	41457
5.80923E14	42335
5.80854E14	43760
5.80785E14	42042
5.80716E14	42633
5.80647E14	44324
5.80578E14	43711
5.80509E14	43224
5.80441E14	43352
5.80372E14	43319
5.80303E14	42099
5.80234E14	42836
5.80165E14	43648
5.80096E14	43974
5.80028E14	43235
5.79959E14	43081
5.7989E14	43496
5.79821E14	43441
5.79753E14	44822
5.79684E14	43521
5.79615E14	43500
5.79547E14	44366
5.79478E14	42554
5.79409E14	42426
5.79341E14	43791
5.79272E14	43587
5.79203E14	44345
5.79135E14	43135
5.79066E14	41986
5.78998E14	42783
5.78929E14	45857
5.78861E14	45503
5.78792E14	42743
5.78724E14	43843
5.78655E14	44403
5.78587E14	44319
5.78518E14	43095
5.7845E14	42697
5.78382E14	42384
5.78313E14	44880
5.78245E14	43787
5.78177E14	43612
5.78108E14	43123
5.7804E14	42944
5.77972E14	44811
5.77903E14	44633
5.77835E14	45215
5.77767E14	44048
5.77699E14	44267
5.7763E14	43902
5.77562E14	44774
5.77494E14	44788
5.77426E14	44067
5.77358E14	44085
5.7729E14	44507
5.77221E14	45003
5.77153E14	44574
5.77085E14	44710
5.77017E14	46075
5.76949E14	45881
5.76881E14	45037
5.76813E14	43944
5.76745E14	44116
5.76677E14	45826
5.76609E14	43519
5.76541E14	43214
5.76473E14	43999
5.76405E14	42276
5.76337E14	43711
5.76269E14	45182
5.76201E14	45979
5.76134E14	43699
5.76066E14	43253
5.75998E14	44125
5.7593E14	43481
5.75862E14	43911
5.75795E14	44559
5.75727E14	44908
5.75659E14	43958
5.75591E14	43531
5.75524E14	43711
5.75456E14	43948
5.75388E14	44784
5.7532E14	43846
5.75253E14	44402
5.75185E14	43774
5.75118E14	43639
5.7505E14	42801
5.74982E14	45045
5.74915E14	45391
5.74847E14	42719
5.7478E14	43505
5.74712E14	42685
5.74645E14	42400
5.74577E14	41589
5.7451E14	41757
5.74442E14	41098
5.74375E14	44569
5.74307E14	43488
5.7424E14	42735
5.74172E14	43019
5.74105E14	42690
5.74038E14	42867
5.7397E14	42856
5.73903E14	42223
5.73836E14	43892
5.73768E14	42312
5.73701E14	42219
5.73634E14	42608
5.73567E14	41972
5.73499E14	42699
5.73432E14	40955
5.73365E14	40972
5.73298E14	41764
5.7323E14	41909
5.73163E14	41898
5.73096E14	41094
5.73029E14	40850
5.72962E14	40021
5.72895E14	40432
5.72828E14	41847
5.72761E14	41162
5.72694E14	40517
5.72627E14	40878
5.72559E14	40609
5.72492E14	39544
5.72425E14	40954
5.72359E14	40740
5.72292E14	40159
5.72225E14	41498
5.72158E14	39961
5.72091E14	37887
5.72024E14	39245
5.71957E14	40563
5.7189E14	39724
5.71823E14	38632
5.71756E14	38427
5.7169E14	38306
5.71623E14	38598
5.71556E14	39271
5.71489E14	39145
5.71422E14	38639
5.71356E14	37771
5.71289E14	38158
5.71222E14	38294
5.71156E14	36318
5.71089E14	37287
5.71022E14	39043
5.70956E14	37534
5.70889E14	36602
5.70822E14	37430
5.70756E14	38186
5.70689E14	36527
5.70623E14	36946
5.70556E14	37589
5.70489E14	36455
5.70423E14	35048
5.70356E14	36222
5.7029E14	36387
5.70223E14	36925
5.70157E14	34963
5.70091E14	36486
5.70024E14	36705
5.69958E14	35746
5.69891E14	34677
5.69825E14	35534
5.69758E14	35242
5.69692E14	35692
5.69626E14	34019
5.69559E14	34859
5.69493E14	34902
5.69427E14	33709
5.69361E14	34081
5.69294E14	35081
5.69228E14	34424
5.69162E14	33625
5.69096E14	33871
5.69029E14	33315
5.68963E14	34241
5.68897E14	33911
5.68831E14	33863
5.68765E14	33677
5.68699E14	33441
5.68633E14	31780
5.68566E14	32883
5.685E14	34083
5.68434E14	32083
5.68368E14	32695
5.68302E14	32068
5.68236E14	32214
5.6817E14	32373
5.68104E14	32229
5.68038E14	31535
5.67972E14	31650
5.67906E14	31375
5.6784E14	32044
5.67775E14	31624
5.67709E14	30976
5.67643E14	31388
5.67577E14	30283
5.67511E14	30635
5.67445E14	30537
5.67379E14	30056
5.67314E14	32021
5.67248E14	31278
5.67182E14	30598
5.67116E14	30010
5.6705E14	29864
5.66985E14	29046
5.66919E14	29615
5.66853E14	30473
5.66788E14	29146
5.66722E14	29538
5.66656E14	29596
5.66591E14	29252
5.66525E14	28655
5.6646E14	29189
5.66394E14	29402
5.66328E14	29142
5.66263E14	28788
5.66197E14	28482
5.66132E14	27469
5.66066E14	27933
5.66001E14	29219
5.65935E14	28457
5.6587E14	28145
5.65804E14	28288
5.65739E14	27402
5.65673E14	27889
5.65608E14	28485
5.65543E14	28249
5.65477E14	27777
5.65412E14	27840
5.65347E14	26784
5.65281E14	26726
5.65216E14	27460
5.65151E14	27913
5.65085E14	27084
5.6502E14	26981
5.64955E14	26614
5.6489E14	26195
5.64824E14	26715
5.64759E14	26944
5.64694E14	26756
5.64629E14	26546
5.64564E14	26192
5.64498E14	25292
5.64433E14	25066
5.64368E14	25630
5.64303E14	26360
5.64238E14	26130
5.64173E14	25568
5.64108E14	24822
5.64043E14	25726
5.63978E14	25890
5.63913E14	25491
5.63848E14	25754
5.63783E14	24994
5.63718E14	24765
5.63653E14	24904
5.63588E14	25078
5.63523E14	25671
5.63458E14	24880
5.63393E14	24663
5.63328E14	24571
5.63263E14	24292
5.63198E14	23711
5.63134E14	24068
5.63069E14	25247
5.63004E14	24177
5.62939E14	23869
5.62874E14	24064
5.6281E14	23920
5.62745E14	23780
5.6268E14	24075
5.62615E14	23840
5.62551E14	23546
5.62486E14	23246
5.62421E14	23216
5.62357E14	22512
5.62292E14	22998
5.62227E14	23573
5.62163E14	22895
5.62098E14	23277
5.62034E14	22487
5.61969E14	21841
5.61905E14	22749
5.6184E14	23251
5.61776E14	22663
5.61711E14	22356
5.61647E14	22107
5.61582E14	21722
5.61518E14	21936
5.61453E14	22453
5.61389E14	22024
5.61324E14	21739
5.6126E14	22111
5.61195E14	21584
5.61131E14	20388
5.61067E14	21402
5.61002E14	22233
5.60938E14	20882
5.60874E14	20771
5.60809E14	21572
5.60745E14	20728
5.60681E14	20783
5.60617E14	21499
5.60552E14	20865
5.60488E14	20814
5.60424E14	20674
5.6036E14	20197
5.60296E14	19875
5.60231E14	20245
5.60167E14	20825
5.60103E14	19868
5.60039E14	19971
5.59975E14	19950
5.59911E14	19462
5.59847E14	19646
5.59783E14	20457
5.59719E14	19800
5.59654E14	19446
5.5959E14	19118
5.59526E14	19336
5.59462E14	19717
5.59398E14	19940
5.59335E14	19318
5.59271E14	18979
5.59207E14	18864
5.59143E14	19045
5.59079E14	18520
5.59015E14	18620
5.58951E14	19056
5.58887E14	18333
5.58823E14	19040
5.58759E14	19278
5.58696E14	18027
5.58632E14	18069
5.58568E14	19089
5.58504E14	18085
5.58441E14	18775
5.58377E14	19172
5.58313E14	18173
5.58249E14	17411
5.58186E14	17573
5.58122E14	18597
5.58058E14	18856
5.57995E14	18490
5.57931E14	17969
5.57867E14	17937
5.57804E14	18471
5.5774E14	18363
5.57677E14	17370
5.57613E14	17419
5.57549E14	17644
5.57486E14	17068
5.57422E14	16931
5.57359E14	18115
5.57295E14	18043
5.57232E14	17913
5.57168E14	17393
5.57105E14	17034
5.57041E14	16143
5.56978E14	16853
5.56915E14	17417
5.56851E14	17256
5.56788E14	16915
5.56724E14	16898
5.56661E14	16751
5.56598E14	16825
5.56534E14	17097
5.56471E14	16375
5.56408E14	16395
5.56345E14	16249
5.56281E14	16234
5.56218E14	16352
5.56155E14	16292
5.56092E14	16368
5.56028E14	16390
5.55965E14	16228
5.55902E14	16368
5.55839E14	15670
5.55776E14	16111
5.55713E14	16541
5.55649E14	15963
5.55586E14	17776
5.55523E14	16682
5.5546E14	15410
5.55397E14	15200
5.55334E14	15990
5.55271E14	15662
5.55208E14	15635
5.55145E14	15592
5.55082E14	15386
5.55019E14	15085
5.54956E14	15342
5.54893E14	15897
5.5483E14	14887
5.54767E14	14924
5.54704E14	14942
5.54641E14	14390
5.54578E14	14641
5.54516E14	15561
5.54453E14	14890
5.5439E14	14591
5.54327E14	14549
5.54264E14	14469
5.54201E14	14217
5.54139E14	14682
5.54076E14	15074
5.54013E14	14650
5.5395E14	14419
5.53888E14	14360
5.53825E14	13961
5.53762E14	14464
5.537E14	14984
5.53637E14	14245
5.53574E14	14303
5.53512E14	14363
5.53449E14	13846
5.53386E14	13664
5.53324E14	14667
5.53261E14	14099
5.53199E14	14190
5.53136E14	14035
5.53074E14	13868
5.53011E14	13307
5.52948E14	13620
5.52886E14	14574
5.52824E14	13682
5.52761E14	13957
5.52699E14	13595
5.52636E14	12784
5.52574E14	13760
5.52511E14	14101
5.52449E14	13496
5.52387E14	13486
5.52324E14	13436
5.52262E14	12895
5.52199E14	13097
5.52137E14	12850
5.52075E14	13529
5.52012E14	13363
5.5195E14	13096
5.51888E14	12459
5.51826E14	12080
5.51763E14	12944
5.51701E14	13323
5.51639E14	13064
5.51577E14	12882
5.51515E14	12763
5.51452E14	12333
5.5139E14	12191
5.51328E14	12985
5.51266E14	12629
5.51204E14	12512
5.51142E14	12811
5.5108E14	12213
5.51018E14	11579
5.50956E14	12288
5.50893E14	13053
5.50831E14	12679
5.50769E14	12183
5.50707E14	12093
5.50645E14	11646
5.50583E14	12298
5.50521E14	12706
5.5046E14	12077
5.50398E14	12205
5.50336E14	11742
5.50274E14	11575
5.50212E14	11448
5.5015E14	11508
5.50088E14	12195
5.50026E14	11644
5.49964E14	11677
5.49903E14	11352
5.49841E14	11422
5.49779E14	11204
5.49717E14	12091
5.49655E14	11560
5.49594E14	11665
5.49532E14	11551
5.4947E14	10715
5.49408E14	11116
5.49347E14	12104
5.49285E14	11172
5.49223E14	11011
5.49162E14	11208
5.491E14	10932
5.49038E14	10282
5.48977E14	11081
5.48915E14	11442
5.48854E14	10710
5.48792E14	10686
5.48731E14	10985
5.48669E14	9854
5.48607E14	10348
5.48546E14	10831
5.48484E14	10553
5.48423E14	10397
5.48361E14	10509
5.483E14	10529
5.48239E14	9923
5.48177E14	10169
5.48116E14	10532
5.48054E14	10379
5.47993E14	10051
5.47931E14	10070
5.4787E14	9756
5.47809E14	9869
5.47747E14	10957
5.47686E14	10504
5.47625E14	10067
5.47563E14	9974
5.47502E14	9495
5.47441E14	10248
5.4738E14	10188
5.47318E14	9590
5.47257E14	9699
5.47196E14	9955
5.47135E14	9481
5.47074E14	9051
5.47012E14	9526
5.46951E14	9991
5.4689E14	9769
5.46829E14	9342
5.46768E14	9152
5.46707E14	8671
5.46646E14	9357
5.46584E14	9778
5.46523E14	9218
5.46462E14	9509
5.46401E14	9236
5.4634E14	8901
5.46279E14	8752
5.46218E14	9147
5.46157E14	9507
5.46096E14	9138
5.46035E14	8540
5.45974E14	8416
5.45913E14	8624
5.45853E14	8852
5.45792E14	9197
5.45731E14	8937
5.4567E14	9090
5.45609E14	8955
5.45548E14	8524
5.45487E14	8710
5.45427E14	9077
5.45366E14	8619
5.45305E14	8747
5.45244E14	8625
5.45183E14	8730
5.45123E14	7896
5.45062E14	8574
5.45001E14	8605
5.4494E14	8406
5.4488E14	8110
5.44819E14	8029
5.44758E14	7778
5.44698E14	7912
5.44637E14	8366
5.44576E14	8338
5.44516E14	8283
5.44455E14	8201
5.44395E14	8036
5.44334E14	7434
5.44273E14	7660
5.44213E14	8116
5.44152E14	7952
5.44092E14	8033
5.44031E14	7452
5.43971E14	7154
5.4391E14	7869
5.4385E14	8242
5.43789E14	7711
5.43729E14	7438
5.43669E14	7619
5.43608E14	7012
5.43548E14	7353
5.43487E14	7981
5.43427E14	7698
5.43367E14	7341
5.43306E14	7537
5.43246E14	7281
5.43186E14	6775
5.43125E14	7175
5.43065E14	13896
5.43005E14	10119
5.42944E14	7206
5.42884E14	6917
5.42824E14	6426
5.42764E14	7234
5.42703E14	7706
5.42643E14	7150
5.42583E14	6964
5.42523E14	6892
5.42463E14	7034
5.42403E14	6917
5.42342E14	6668
5.42282E14	6875
5.42222E14	7047
5.42162E14	6897
5.42102E14	6425
5.42042E14	6629
5.41982E14	6487
5.41922E14	6848
5.41862E14	7158
5.41802E14	7049
5.41742E14	6715
5.41682E14	6120
5.41622E14	6403
5.41562E14	6783
5.41502E14	6471
5.41442E14	6272
5.41382E14	6291
5.41322E14	6158
5.41262E14	5852
5.41202E14	6345
5.41142E14	6848
5.41083E14	6323
5.41023E14	6173
5.40963E14	6163
5.40903E14	5848
5.40843E14	6081
5.40783E14	6846
5.40724E14	6550
5.40664E14	6444
5.40604E14	6509
5.40544E14	6007
5.40485E14	5899
5.40425E14	6233
5.40365E14	6537
5.40306E14	6432
5.40246E14	6242
5.40186E14	6026
5.40127E14	5805
5.40067E14	6257
5.40007E14	6678
5.39948E14	6223
5.39888E14	5987
5.39829E14	6044
5.39769E14	5435
5.39709E14	6015
5.3965E14	6526
5.3959E14	5830
5.39531E14	5770
5.39471E14	6000
5.39412E14	5618
5.39352E14	5109
5.39293E14	5506
5.39233E14	6054
5.39174E14	5882
5.39115E14	5593
5.39055E14	5992
5.38996E14	5246
5.38936E14	5403
5.38877E14	6134
5.38818E14	5662
5.38758E14	5599
5.38699E14	5683
5.3864E14	5596
5.3858E14	5349
5.38521E14	5283
5.38462E14	5843
5.38403E14	5521
5.38343E14	5373
5.38284E14	5112
5.38225E14	5026
5.38166E14	5255
5.38106E14	5937
5.38047E14	5304
5.37988E14	5281
5.37929E14	5494
5.3787E14	5302
5.37811E14	5489
5.37751E14	5762
5.37692E14	5449
5.37633E14	5377
5.37574E14	5320
5.37515E14	5552
5.37456E14	4723
5.37397E14	5249
5.37338E14	5577
5.37279E14	5290
5.3722E14	4928
5.37161E14	5002
5.37102E14	4694
5.37043E14	4886
5.36984E14	5565
5.36925E14	5131
5.36866E14	4915
5.36807E14	4919
5.36748E14	4764
5.36689E14	4718
5.36631E14	5131
5.36572E14	5849
5.36513E14	5156
5.36454E14	5009
5.36395E14	4787
5.36336E14	4639
5.36278E14	5207
5.36219E14	5283
5.3616E14	5162
5.36101E14	4737
5.36043E14	4635
5.35984E14	4224
5.35925E14	4910
5.35866E14	5340
5.35808E14	4850
5.35749E14	4918
5.3569E14	4748
5.35632E14	4683
5.35573E14	4454
5.35514E14	4694
5.35456E14	5330
5.35397E14	4717
5.35339E14	4678
5.3528E14	4495
5.35221E14	4271
5.35163E14	4425
5.35104E14	4773
5.35046E14	4468
5.34987E14	4556
5.34929E14	4527
5.3487E14	4491
5.34812E14	4075
5.34753E14	4601
5.34695E14	5017
5.34636E14	4629
5.34578E14	4421
5.3452E14	4103
5.34461E14	4047
5.34403E14	4355
5.34344E14	4712
5.34286E14	4212
5.34228E14	4291
5.34169E14	4452
5.34111E14	3872
5.34053E14	4145
5.33994E14	4764
5.33936E14	4310
5.33878E14	4329
5.3382E14	4244
5.33761E14	4106
5.33703E14	3885
5.33645E14	4195
5.33587E14	4580
5.33528E14	4181
5.3347E14	4356
5.33412E14	4248
5.33354E14	3847
5.33296E14	4078
5.33238E14	4565
5.3318E14	4127
5.33121E14	3971
5.33063E14	4120
5.33005E14	3873
5.32947E14	4078
5.32889E14	4328
5.32831E14	4448
5.32773E14	4247
5.32715E14	4008
5.32657E14	4081
5.32599E14	3604
5.32541E14	3849
5.32483E14	4188
5.32425E14	4077
5.32367E14	4233
5.32309E14	3987
5.32251E14	3518
5.32193E14	7487
5.32135E14	5211
5.32078E14	3777
5.3202E14	3772
5.31962E14	3967
5.31904E14	3747
5.31846E14	3128
5.31788E14	3941
5.31731E14	4060
5.31673E14	3901
5.31615E14	3845
5.31557E14	3833
5.31499E14	3513
5.31442E14	3762
5.31384E14	4011
5.31326E14	3748
5.31269E14	3660
5.31211E14	3983
5.31153E14	3571
5.31096E14	3243
5.31038E14	3759
5.3098E14	4094
5.30923E14	3779
5.30865E14	3702
5.30807E14	3290
5.3075E14	3247
5.30692E14	3311
5.30635E14	4195
5.30577E14	3793
5.3052E14	3602
5.30462E14	3648
5.30404E14	3113
5.30347E14	3341
5.30289E14	4020
5.30232E14	3598
5.30175E14	3529
5.30117E14	3705
5.3006E14	3445
5.30002E14	3096
5.29945E14	3640
5.29887E14	3976
5.2983E14	3739
5.29773E14	3352
5.29715E14	3127
5.29658E14	2917
5.29601E14	3421
5.29543E14	3963
5.29486E14	3460
5.29429E14	3409
5.29371E14	3153
5.29314E14	3092
5.29257E14	2970
5.29199E14	3327
5.29142E14	3751
5.29085E14	3243
5.29028E14	3022
5.28971E14	3198
5.28913E14	3005
5.28856E14	3169
5.28799E14	3504
5.28742E14	3263
5.28685E14	3070
5.28628E14	3308
5.2857E14	2799
5.28513E14	3040
5.28456E14	3356
5.28399E14	3395
5.28342E14	3070
5.28285E14	3204
5.28228E14	3339
5.28171E14	2749
5.28114E14	2969
5.28057E14	3772
5.28E14	3191
5.27943E14	3071
5.27886E14	2983
5.27829E14	2687
5.27772E14	3104
5.27715E14	3628
5.27658E14	3021
5.27601E14	2888
5.27544E14	3004
5.27487E14	2869
5.27431E14	2655
5.27374E14	3040
5.27317E14	3534
5.2726E14	3045
5.27203E14	3024
5.27146E14	2876
5.2709E14	2729
5.27033E14	2875
5.26976E14	3424
5.26919E14	3042
5.26862E14	2975
5.26806E14	3070
5.26749E14	2597
5.26692E14	2956
5.26636E14	3288
5.26579E14	3048
5.26522E14	2884
5.26466E14	2636
5.26409E14	2572
5.26352E14	2606
5.26296E14	2630
5.26239E14	3292
5.26182E14	3111
5.26126E14	3064
5.26069E14	2810
5.26013E14	2279
5.25956E14	2466
5.259E14	3255
5.25843E14	2722
5.25786E14	2704
5.2573E14	2915
5.25673E14	2619
5.25617E14	2505
5.25561E14	2513
5.25504E14	3276
5.25448E14	3021
5.25391E14	2933
5.25335E14	2721
5.25278E14	2312
5.25222E14	2581
5.25166E14	3005
5.25109E14	2563
5.25053E14	2572
5.24996E14	2610
5.2494E14	2265
5.24884E14	2517
5.24827E14	3194
5.24771E14	2729
5.24715E14	2414
5.24659E14	2618
5.24602E14	2389
5.24546E14	2180
5.2449E14	2831
5.24434E14	3097
5.24377E14	2779
5.24321E14	2719
5.24265E14	2462
5.24209E14	1983
5.24153E14	2262
5.24096E14	2854
5.2404E14	2555
5.23984E14	2630
5.23928E14	2539
5.23872E14	2478
5.23816E14	2142
5.2376E14	2653
5.23704E14	2987
5.23648E14	2585
5.23592E14	2494
5.23536E14	2273
5.23479E14	2104
5.23423E14	2417
5.23367E14	2726
5.23311E14	2368
5.23256E14	2457
5.232E14	2439
5.23144E14	2085
5.23088E14	2311
5.23032E14	3162
5.22976E14	2576
5.2292E14	2552
5.22864E14	2366
5.22808E14	2180
5.22752E14	1914
5.22696E14	2205
5.22641E14	2947
5.22585E14	2274
5.22529E14	2396
5.22473E14	2336
5.22417E14	2057
5.22361E14	2324
5.22306E14	2832
5.2225E14	2576
5.22194E14	2561
5.22138E14	2344
5.22083E14	2538
5.22027E14	2144
5.21971E14	2166
5.21916E14	2830
5.2186E14	2862
5.21804E14	2359
5.21749E14	2252
5.21693E14	1881
5.21637E14	2080
5.21582E14	2700
5.21526E14	2259
5.2147E14	2152
5.21415E14	2504
5.21359E14	2048
5.21304E14	2076
5.21248E14	2604
5.21193E14	2376
5.21137E14	2084
5.21082E14	2074
5.21026E14	2262
5.20971E14	1958
5.20915E14	2241
5.2086E14	2462
5.20804E14	2224
5.20749E14	2126
5.20693E14	2013
5.20638E14	1507
5.20583E14	2104
5.20527E14	2621
5.20472E14	2191
5.20416E14	2163
5.20361E14	2089
5.20306E14	1862
5.2025E14	1876
5.20195E14	2357
5.2014E14	2671
5.20084E14	2332
5.20029E14	2201
5.19974E14	1940
5.19919E14	1738
5.19863E14	2162
5.19808E14	2447
5.19753E14	2321
5.19698E14	2287
5.19642E14	2230
5.19587E14	2113
5.19532E14	2176
5.19477E14	2798
5.19422E14	2275
5.19367E14	2064
5.19311E14	1886
5.19256E14	1871
5.19201E14	1768
5.19146E14	1855
5.19091E14	2517
5.19036E14	2150
5.18981E14	2156
5.18926E14	2224
5.18871E14	2078
5.18816E14	1989
5.18761E14	2210
5.18706E14	2027
5.18651E14	1829
5.18596E14	1696
5.18541E14	1645
5.18486E14	1403
5.18431E14	2172
5.18376E14	2235
5.18321E14	1946
5.18266E14	1951
5.18211E14	1652
5.18156E14	1766
5.18101E14	3656
5.18046E14	2826
5.17992E14	2051
5.17937E14	1926
5.17882E14	2113
5.17827E14	1704
5.17772E14	1700
5.17717E14	2153
5.17663E14	1885
5.17608E14	1682
5.17553E14	1696
5.17498E14	1539
5.17444E14	1420
5.17389E14	1762
5.17334E14	4132
5.17279E14	2451
5.17225E14	1938
5.1717E14	1639
5.17115E14	1538
5.17061E14	1962
5.17006E14	2403
5.16951E14	1909
5.16897E14	1833
5.16842E14	2067
5.16788E14	1793
5.16733E14	1502
5.16678E14	1646
5.16624E14	2196
5.16569E14	2116
5.16515E14	1886
5.1646E14	1991
5.16406E14	1506
5.16351E14	1611
5.16297E14	2257
5.16242E14	1864
5.16188E14	1812
5.16133E14	1670
5.16079E14	1523
5.16024E14	1723
5.1597E14	2214
5.15916E14	2092
5.15861E14	1919
5.15807E14	1879
5.15752E14	1519
5.15698E14	1497
5.15644E14	1513
5.15589E14	2160
5.15535E14	1895
5.15481E14	1814
5.15426E14	1582
5.15372E14	1212
5.15318E14	1657
5.15263E14	2118
5.15209E14	1874
5.15155E14	1790
5.15101E14	1688
5.15046E14	1696
5.14992E14	1803
5.14938E14	3542
5.14884E14	2504
5.1483E14	1916
5.14775E14	1594
5.14721E14	1733
5.14667E14	1444
5.14613E14	1961
5.14559E14	2339
5.14505E14	1843
5.14451E14	1823
5.14396E14	1668
5.14342E14	1245
5.14288E14	1599
5.14234E14	2193
5.1418E14	1688
5.14126E14	1886
5.14072E14	1679
5.14018E14	1522
5.13964E14	1512
5.1391E14	1505
5.13856E14	2130
5.13802E14	1810
5.13748E14	1715
5.13694E14	1589
5.1364E14	1357
5.13586E14	1486
5.13532E14	2137
5.13478E14	1874
5.13425E14	1780
5.13371E14	1742
5.13317E14	1510
5.13263E14	1606
5.13209E14	1630
5.13155E14	2163
5.13101E14	1874
5.13048E14	1618
5.12994E14	1412
5.1294E14	1338
5.12886E14	1526
5.12832E14	2121
5.12779E14	1676
5.12725E14	1596
5.12671E14	1642
5.12617E14	1145
5.12564E14	1470
5.1251E14	1987
5.12456E14	1779
5.12403E14	1640
5.12349E14	1604
5.12295E14	1524
5.12242E14	1398
5.12188E14	1722
5.12134E14	2012
5.12081E14	1772
5.12027E14	1571
5.11974E14	1481
5.1192E14	1127
5.11867E14	1349
5.11813E14	1764
5.11759E14	1857
5.11706E14	1733
5.11652E14	1557
5.11599E14	1383
5.11545E14	1234
5.11492E14	1387
5.11438E14	2046
5.11385E14	1949
5.11331E14	1762
5.11278E14	1385
5.11225E14	934
5.11171E14	1510
5.11118E14	2120
5.11064E14	1698
5.11011E14	1608
5.10958E14	1400
5.10904E14	1701
5.10851E14	1541
5.10797E14	2050
5.10744E14	1765
5.10691E14	1705
5.10638E14	1529
5.10584E14	1581
5.10531E14	1120
5.10478E14	1474
5.10424E14	1835
5.10371E14	1636
5.10318E14	1572
5.10265E14	1445
5.10211E14	1349
5.10158E14	1387
5.10105E14	1893
5.10052E14	1697
5.09999E14	1500
5.09945E14	1359
5.09892E14	1180
5.09839E14	1166
5.09786E14	1463
5.09733E14	1984
5.0968E14	1632
5.09627E14	1378
5.09574E14	1232
5.09521E14	1242
5.09467E14	1540
5.09414E14	2188
5.09361E14	1649
5.09308E14	1483
5.09255E14	1438
5.09202E14	1179
5.09149E14	1293
5.09096E14	2065
5.09043E14	1586
5.0899E14	1609
5.08937E14	1378
5.08884E14	1299
5.08832E14	1176
5.08779E14	1349
5.08726E14	1706
5.08673E14	1385
5.0862E14	1492
5.08567E14	1301
5.08514E14	1218
5.08461E14	1338
5.08408E14	1765
5.08356E14	1621
5.08303E14	1772
5.0825E14	1650
5.08197E14	1463
5.08144E14	1270
5.08092E14	1421
5.08039E14	1997
5.07986E14	1690
5.07933E14	1642
5.07881E14	1557
5.07828E14	986
5.07775E14	1448
5.07722E14	1662
5.0767E14	1477
5.07617E14	1417
5.07564E14	1378
5.07512E14	1066
5.07459E14	1354
5.07406E14	2046
5.07354E14	1589
5.07301E14	1443
5.07249E14	1318
5.07196E14	1082
5.07143E14	1029
5.07091E14	1436
5.07038E14	1829
5.06986E14	1535
5.06933E14	1438
5.06881E14	1273
5.06828E14	1014
5.06776E14	1278
5.06723E14	1734
5.06671E14	1470
5.06618E14	1355
5.06566E14	1260
5.06513E14	1215
5.06461E14	978
5.06408E14	1239
5.06356E14	1908
5.06304E14	1562
5.06251E14	1594
5.06199E14	1409
5.06146E14	909
5.06094E14	1519
5.06042E14	1764
5.05989E14	1424
5.05937E14	1407
5.05885E14	1285
5.05832E14	1026
5.0578E14	1428
5.05728E14	1668
5.05675E14	1637
5.05623E14	1432
5.05571E14	1336
5.05519E14	1272
5.05466E14	877
5.05414E14	1247
5.05362E14	1769
5.0531E14	1423
5.05258E14	1311
5.05205E14	1227
5.05153E14	1035
5.05101E14	1276
5.05049E14	1751
5.04997E14	1260
5.04945E14	1481
5.04893E14	1310
5.0484E14	1265
5.04788E14	1294
5.04736E14	1343
5.04684E14	1634
5.04632E14	1600
5.0458E14	1372
5.04528E14	1158
5.04476E14	1055
5.04424E14	1268
5.04372E14	1786
5.0432E14	1637
5.04268E14	1461
5.04216E14	1294
5.04164E14	967
5.04112E14	1167
5.0406E14	1862
5.04008E14	1403
5.03956E14	1179
5.03904E14	1260
5.03852E14	1232
5.03801E14	1037
5.03749E14	1485
5.03697E14	1781
5.03645E14	1474
5.03593E14	1287
5.03541E14	1349
5.03489E14	1113
5.03438E14	1380
5.03386E14	1968
5.03334E14	1475
5.03282E14	1284
5.0323E14	1170
5.03179E14	1333
5.03127E14	1111
5.03075E14	1539
5.03023E14	1627
5.02972E14	1337
5.0292E14	1280
5.02868E14	1176
5.02817E14	1057
5.02765E14	1220
5.02713E14	1745
5.02662E14	1402
5.0261E14	1244
5.02558E14	1442
5.02507E14	1104
5.02455E14	1212
5.02403E14	1711
5.02352E14	1519
5.023E14	1281
5.02249E14	1418
5.02197E14	1124
5.02146E14	1525
5.02094E14	1209
5.02042E14	1803
5.01991E14	1637
5.01939E14	1324
5.01888E14	1107
5.01836E14	1154
5.01785E14	1255
5.01733E14	1831
5.01682E14	1394
5.01631E14	1435
5.01579E14	1285
5.01528E14	1236
5.01476E14	1097
5.01425E14	1142
5.01374E14	1650
5.01322E14	1309
5.01271E14	1311
5.01219E14	1068
5.01168E14	892
5.01117E14	1304
5.01065E14	1641
5.01014E14	1353
5.00963E14	1249
5.00911E14	1755
5.0086E14	1151
5.00809E14	1259
5.00758E14	1693
5.00706E14	1116
5.00655E14	1206
5.00604E14	1161
5.00553E14	1097
5.00501E14	985
5.0045E14	1383
5.00399E14	1922
5.00348E14	1444
5.00297E14	1155
5.00245E14	1096
5.00194E14	913
5.00143E14	1311
5.00092E14	1834
5.00041E14	1370
4.9999E14	1217
4.99939E14	1346
4.99888E14	1126
4.99837E14	1015
4.99785E14	1311
4.99734E14	1778
4.99683E14	1411
4.99632E14	1380
4.99581E14	1167
4.9953E14	1150
4.99479E14	1016
4.99428E14	1252
4.99377E14	988
4.99326E14	940
4.99275E14	1080
4.99224E14	806
4.99173E14	936
4.99123E14	1003
4.99072E14	938
4.99021E14	980
4.9897E14	1176
4.98919E14	865
4.98868E14	747
4.98817E14	1043
4.98766E14	1189
4.98715E14	1188
4.98665E14	1336
4.98614E14	1062
4.98563E14	1004
4.98512E14	974
4.98461E14	1171
4.98411E14	947
4.9836E14	1048
4.98309E14	1246
4.98258E14	1158
4.98207E14	876
4.98157E14	948
4.98106E14	1060
4.98055E14	933
4.98005E14	2537
4.97954E14	1304
4.97903E14	790
4.97853E14	1004
4.97802E14	1032
4.97751E14	1086
4.97701E14	1206
4.9765E14	693
4.97599E14	661
4.97549E14	580
4.97498E14	605
4.97447E14	497
4.97397E14	770
4.97346E14	1197
4.97296E14	707
4.97245E14	499
4.97195E14	557
4.97144E14	538
4.97094E14	535
4.97043E14	1121
4.96993E14	655
4.96942E14	452
4.96892E14	525
4.96841E14	361
4.96791E14	386
4.9674E14	775
4.9669E14	1360
4.96639E14	919
4.96589E14	794
4.96539E14	377
4.96488E14	204
4.96438E14	672
4.96387E14	1309
4.96337E14	765
4.96287E14	600
4.96236E14	580
4.96186E14	724
4.96136E14	429
4.96085E14	1144
4.96035E14	708
4.95985E14	505
4.95934E14	472
4.95884E14	396
4.95834E14	487
4.95784E14	984
4.95733E14	1401
4.95683E14	724
4.95633E14	453
4.95583E14	509
4.95533E14	500
4.95482E14	450
4.95432E14	1294
4.95382E14	816
4.95332E14	674
4.95282E14	774
4.95232E14	491
4.95181E14	505
4.95131E14	504
4.95081E14	1217
4.95031E14	782
4.94981E14	667
4.94931E14	493
4.94881E14	417
4.94831E14	513
4.94781E14	1074
4.94731E14	859
4.94681E14	921
4.94631E14	563
4.94581E14	460
4.94531E14	461
4.94481E14	1257
4.94431E14	956
4.94381E14	756
4.94331E14	612
4.94281E14	526
4.94231E14	544
4.94181E14	449
4.94131E14	1011
4.94081E14	725
4.94031E14	1050
4.93981E14	629
4.93931E14	438
4.93882E14	521
4.93832E14	1480
4.93782E14	885
4.93732E14	715
4.93682E14	796
4.93632E14	432
4.93582E14	280
4.93533E14	627
4.93483E14	1186
4.93433E14	735
4.93383E14	507
4.93334E14	376
4.93284E14	328
4.93234E14	679
4.93184E14	1173
4.93135E14	681
4.93085E14	550
4.93035E14	539
4.92986E14	301
4.92936E14	600
4.92886E14	956
4.92837E14	779
4.92787E14	705
4.92737E14	805
4.92688E14	498
4.92638E14	488
4.92588E14	752
4.92539E14	1205
4.92489E14	1242
4.9244E14	854
4.9239E14	680
4.92341E14	418
4.92291E14	603
4.92241E14	1421
4.92192E14	979
4.92142E14	758
4.92093E14	1054
4.92043E14	535
4.91994E14	300
4.91944E14	618
4.91895E14	1351
4.91845E14	1249
4.91796E14	749
4.91747E14	357
4.91697E14	407
4.91648E14	610
4.91598E14	1491
4.91549E14	648
4.915E14	613
4.9145E14	432
4.91401E14	290
4.91351E14	507
4.91302E14	1105
4.91253E14	917
4.91203E14	828
4.91154E14	827
4.91105E14	606
4.91055E14	459
4.91006E14	632
4.90957E14	1026
4.90908E14	853
4.90858E14	553
4.90809E14	771
4.9076E14	440
4.90711E14	744
4.90661E14	1215
4.90612E14	720
4.90563E14	553
4.90514E14	674
4.90465E14	527
4.90415E14	466
4.90366E14	915
4.90317E14	1190
4.90268E14	765
4.90219E14	884
4.9017E14	582
4.90121E14	336
4.90072E14	781
4.90022E14	1159
4.89973E14	799
4.89924E14	654
4.89875E14	476
4.89826E14	258
4.89777E14	533
4.89728E14	1247
4.89679E14	690
4.8963E14	681
4.89581E14	735
4.89532E14	696
4.89483E14	391
4.89434E14	671
4.89385E14	1393
4.89336E14	653
4.89287E14	547
4.89238E14	484
4.89189E14	393
4.8914E14	604
4.89091E14	1384
4.89043E14	981
4.88994E14	826
4.88945E14	847
4.88896E14	457
4.88847E14	539
4.88798E14	824
4.88749E14	1236
4.88701E14	807
4.88652E14	663
4.88603E14	478
4.88554E14	363
4.88505E14	781
4.88457E14	1155
4.88408E14	847
4.88359E14	766
4.8831E14	809
4.88262E14	373
4.88213E14	552
4.88164E14	1247
4.88115E14	836
4.88067E14	715
4.88018E14	777
4.87969E14	571
4.87921E14	610
4.87872E14	805
4.87823E14	1290
4.87775E14	828
4.87726E14	678
4.87677E14	568
4.87629E14	695
4.8758E14	761
4.87532E14	1323
4.87483E14	958
4.87434E14	795
4.87386E14	961
4.87337E14	659
4.87289E14	503
4.8724E14	695
4.87192E14	1324
4.87143E14	725
4.87095E14	626
4.87046E14	697
4.86998E14	485
4.86949E14	810
4.86901E14	1338
4.86852E14	976
4.86804E14	920
4.86755E14	601
4.86707E14	390
4.86659E14	1021
4.8661E14	1031
4.86562E14	823
4.86513E14	1089
4.86465E14	960
4.86417E14	544
4.86368E14	341
4.8632E14	621
4.86272E14	1165
4.86223E14	932
4.86175E14	766
4.86127E14	492
4.86078E14	463
4.8603E14	644
4.85982E14	1567
4.85933E14	1074
4.85885E14	867
4.85837E14	726
4.85789E14	558
4.8574E14	397
4.85692E14	725
4.85644E14	1463
4.85596E14	893
4.85547E14	697
4.85499E14	563
4.85451E14	430
4.85403E14	1218
4.85355E14	1564
4.85307E14	1035
4.85258E14	843
4.8521E14	680
4.85162E14	415
4.85114E14	656
4.85066E14	1115
4.85018E14	712
4.8497E14	532
4.84922E14	747
4.84874E14	553
4.84826E14	280
4.84778E14	652
4.8473E14	1173
4.84681E14	786
4.84633E14	984
4.84585E14	533
4.84537E14	379
4.84489E14	620
4.84441E14	1170
4.84394E14	822
4.84346E14	626
4.84298E14	814
4.8425E14	687
4.84202E14	523
4.84154E14	646
4.84106E14	1068
4.84058E14	753
4.8401E14	640
4.83962E14	670
4.83914E14	460
4.83866E14	631
4.83819E14	1192
4.83771E14	1085
4.83723E14	806
4.83675E14	636
4.83627E14	361
4.83579E14	602
4.83532E14	1271
4.83484E14	1051
4.83436E14	988
4.83388E14	729
4.83341E14	584
4.83293E14	473
4.83245E14	589
4.83197E14	1250
4.8315E14	809
4.83102E14	861
4.83054E14	535
4.83006E14	693
4.82959E14	595
4.82911E14	1144
4.82863E14	1141
4.82816E14	964
4.82768E14	868
4.8272E14	603
4.82673E14	484
4.82625E14	635
4.82578E14	1185
4.8253E14	853
4.82482E14	695
4.82435E14	527
4.82387E14	422
4.8234E14	809
4.82292E14	1213
4.82245E14	819
4.82197E14	680
4.82149E14	715
4.82102E14	392
4.82054E14	600
4.82007E14	1186
4.81959E14	929
4.81912E14	716
4.81864E14	1034
4.81817E14	828
4.8177E14	688
4.81722E14	675
4.81675E14	1378
4.81627E14	1133
4.8158E14	756
4.81532E14	664
4.81485E14	541
4.81438E14	702
4.8139E14	1188
4.81343E14	914
4.81296E14	792
4.81248E14	883
4.81201E14	561
4.81154E14	536
4.81106E14	818
4.81059E14	1194
4.81012E14	1030
4.80964E14	916
4.80917E14	652
4.8087E14	435
4.80822E14	543
4.80775E14	1237
4.80728E14	842
4.80681E14	845
4.80633E14	652
4.80586E14	394
4.80539E14	887
4.80492E14	1234
4.80445E14	725
4.80397E14	839
4.8035E14	740
4.80303E14	651
4.80256E14	485
4.80209E14	836
4.80162E14	1334
4.80115E14	800
4.80067E14	734
4.8002E14	857
4.79973E14	561
4.79926E14	751
4.79879E14	1172
4.79832E14	1006
4.79785E14	612
4.79738E14	620
4.79691E14	554
4.79644E14	389
4.79597E14	704
4.7955E14	1343
4.79503E14	885
4.79456E14	732
4.79409E14	685
4.79362E14	418
4.79315E14	1166
4.79268E14	1492
4.79221E14	798
4.79174E14	582
4.79127E14	1004
4.7908E14	867
4.79033E14	722
4.78986E14	582
4.78939E14	807
4.78892E14	736
4.78846E14	586
4.78799E14	662
4.78752E14	418
4.78705E14	702
4.78658E14	1011
4.78611E14	692
4.78564E14	683
4.78518E14	571
4.78471E14	418
4.78424E14	796
4.78377E14	1266
4.78331E14	788
4.78284E14	701
4.78237E14	836
4.7819E14	501
4.78143E14	481
4.78097E14	690
4.7805E14	1391
4.78003E14	991
4.77957E14	758
4.7791E14	639
4.77863E14	517
4.77817E14	684
4.7777E14	1228
4.77723E14	1163
4.77677E14	805
4.7763E14	829
4.77583E14	377
4.77537E14	739
4.7749E14	1326
4.77443E14	691
4.77397E14	819
4.7735E14	887
4.77304E14	586
4.77257E14	600
4.77211E14	1334
4.77164E14	1378
4.77117E14	854
4.77071E14	719
4.77024E14	637
4.76978E14	647
4.76931E14	841
4.76885E14	1356
4.76838E14	895
4.76792E14	802
4.76745E14	947
4.76699E14	655
4.76653E14	521
4.76606E14	742
4.7656E14	1298
4.76513E14	968
4.76467E14	551
4.7642E14	742
4.76374E14	457
4.76328E14	580
4.76281E14	1262
4.76235E14	874
4.76189E14	831
4.76142E14	681
4.76096E14	391
4.76049E14	597
4.76003E14	1421
4.75957E14	958
4.75911E14	811
4.75864E14	840
4.75818E14	639
4.75772E14	555
4.75725E14	919
4.75679E14	1456
4.75633E14	900
4.75587E14	926
4.7554E14	632
4.75494E14	769
4.75448E14	711
4.75402E14	1242
4.75356E14	1159
4.75309E14	959
4.75263E14	754
4.75217E14	622
4.75171E14	600
4.75125E14	507
4.75079E14	1258
4.75032E14	978
4.74986E14	809
4.7494E14	782
4.74894E14	522
4.74848E14	472
4.74802E14	1279
4.74756E14	887
4.7471E14	997
4.74664E14	811
4.74618E14	663
4.74572E14	732
4.74526E14	1523
4.74479E14	1068
4.74433E14	798
4.74387E14	818
4.74341E14	461
4.74295E14	450
4.74249E14	969
4.74204E14	1179
4.74158E14	901
4.74112E14	647
4.74066E14	684
4.7402E14	663
4.73974E14	700
4.73928E14	1117
4.73882E14	1014
4.73836E14	855
4.7379E14	823
4.73744E14	743
4.73698E14	614
4.73652E14	833
4.73607E14	1098
4.73561E14	1026
4.73515E14	879
4.73469E14	963
4.73423E14	447
4.73377E14	973
4.73332E14	1501
4.73286E14	992
4.7324E14	848
4.73194E14	834
4.73149E14	532
4.73103E14	791
4.73057E14	1361
4.73011E14	826
4.72966E14	998
4.7292E14	930
4.72874E14	528
4.72828E14	571
4.72783E14	715
4.72737E14	1355
4.72691E14	823
4.72646E14	678
4.726E14	589
4.72554E14	516
4.72509E14	859
4.72463E14	1490
4.72417E14	1046
4.72372E14	841
4.72326E14	795
4.72281E14	833
4.72235E14	658
4.72189E14	932
4.72144E14	1236
4.72098E14	880
4.72053E14	769
4.72007E14	418
4.71962E14	359
4.71916E14	677
4.71871E14	1356
4.71825E14	1291
4.7178E14	870
4.71734E14	864
4.71689E14	573
4.71643E14	496
4.71598E14	1335
4.71552E14	844
4.71507E14	1004
4.71461E14	1004
4.71416E14	976
4.7137E14	523
4.71325E14	756
4.7128E14	1624
4.71234E14	1016
4.71189E14	658
4.71143E14	522
4.71098E14	621
4.71053E14	861
4.71007E14	1377
4.70962E14	1117
4.70917E14	898
4.70871E14	865
4.70826E14	617
4.70781E14	489
4.70735E14	586
4.7069E14	1267
4.70645E14	906
4.70599E14	901
4.70554E14	690
4.70509E14	445
4.70464E14	716
4.70418E14	1285
4.70373E14	996
4.70328E14	1031
4.70283E14	717
4.70238E14	493
4.70192E14	757
4.70147E14	1353
4.70102E14	1103
4.70057E14	827
4.70012E14	713
4.69966E14	964
4.69921E14	659
4.69876E14	856
4.69831E14	1516
4.69786E14	1068
4.69741E14	1095
4.69696E14	773
4.69651E14	446
4.69605E14	961
4.6956E14	1349
4.69515E14	1189
4.6947E14	988
4.69425E14	833
4.6938E14	700
4.69335E14	623
4.6929E14	759
4.69245E14	1239
4.692E14	1000
4.69155E14	854
4.6911E14	709
4.69065E14	861
4.6902E14	860
4.68975E14	1419
4.6893E14	1038
4.68885E14	962
4.6884E14	836
4.68795E14	422
4.6875E14	706
4.68706E14	1108
4.68661E14	982
4.68616E14	1118
4.68571E14	1137
4.68526E14	817
4.68481E14	481
4.68436E14	835
4.68391E14	1302
4.68347E14	1007
4.68302E14	846
4.68257E14	788
4.68212E14	668
4.68167E14	783
4.68122E14	1231
4.68078E14	1114
4.68033E14	923
4.67988E14	848
4.67943E14	775
4.67899E14	630
4.67854E14	768
4.67809E14	1422
4.67764E14	842
4.6772E14	990
4.67675E14	805
4.6763E14	350
4.67585E14	822
4.67541E14	1477
4.67496E14	1044
4.67451E14	870
4.67407E14	800
4.67362E14	559
4.67317E14	627
4.67273E14	1174
4.67228E14	1067
4.67184E14	956
4.67139E14	784
4.67094E14	806
4.6705E14	609
4.67005E14	833
4.66961E14	1364
4.66916E14	882
4.66871E14	956
4.66827E14	787
4.66782E14	597
4.66738E14	700
4.66693E14	1299
4.66649E14	1019
4.66604E14	956
4.6656E14	916
4.66515E14	699
4.66471E14	454
4.66426E14	704
4.66382E14	1430
4.66337E14	978
4.66293E14	802
4.66248E14	561
4.66204E14	524
4.6616E14	917
4.66115E14	1523
4.66071E14	1045
4.66026E14	1126
4.65982E14	663
4.65938E14	577
4.65893E14	733
4.65849E14	1327
4.65804E14	1143
4.6576E14	984
4.65716E14	1071
4.65671E14	767
4.65627E14	554
4.65583E14	881
4.65538E14	1086
4.65494E14	1024
4.6545E14	805
4.65406E14	701
4.65361E14	505
4.65317E14	841
4.65273E14	1556
4.65228E14	1088
4.65184E14	943
4.6514E14	690
4.65096E14	712
4.65052E14	409
4.65007E14	688
4.64963E14	1195
4.64919E14	1073
4.64875E14	1094
4.64831E14	783
4.64786E14	787
4.64742E14	761
4.64698E14	1501
4.64654E14	1167
4.6461E14	650
4.64566E14	799
4.64522E14	576
4.64477E14	616
4.64433E14	1231
4.64389E14	1114
4.64345E14	965
4.64301E14	809
4.64257E14	795
4.64213E14	897
4.64169E14	964
4.64125E14	1622
4.64081E14	1126
4.64037E14	950
4.63993E14	635
4.63949E14	450
4.63905E14	1031
4.63861E14	1590
4.63817E14	1071
4.63773E14	921
4.63729E14	1025
4.63685E14	697
4.63641E14	643
4.63597E14	825
4.63553E14	1542
4.63509E14	1235
4.63465E14	1067
4.63421E14	921
4.63377E14	547
4.63334E14	931
4.6329E14	1665
4.63246E14	1415
4.63202E14	1265
4.63158E14	1057
4.63114E14	628
4.6307E14	852
4.63027E14	1561
4.62983E14	893
4.62939E14	901
4.62895E14	914
4.62851E14	771
4.62808E14	569
4.62764E14	838
4.6272E14	1603
4.62676E14	1081
4.62632E14	719
4.62589E14	865
4.62545E14	577
4.62501E14	693
4.62458E14	1523
4.62414E14	1159
4.6237E14	919
4.62326E14	940
4.62283E14	769
4.62239E14	583
4.62195E14	814
4.62152E14	1336
4.62108E14	1102
4.62064E14	1045
4.62021E14	674
4.61977E14	520
4.61933E14	917
4.6189E14	1605
4.61846E14	967
4.61803E14	877
4.61759E14	821
4.61715E14	580
4.61672E14	994
4.61628E14	1381
4.61585E14	1086
4.61541E14	1241
4.61498E14	920
4.61454E14	811
4.61411E14	603
4.61367E14	1120
4.61324E14	1254
4.6128E14	1157
4.61237E14	841
4.61193E14	725
4.6115E14	816
4.61106E14	1074
4.61063E14	1300
4.61019E14	1143
4.60976E14	1162
4.60932E14	918
4.60889E14	746
4.60845E14	899
4.60802E14	815
4.60759E14	1614
4.60715E14	1094
4.60672E14	1060
4.60628E14	1019
4.60585E14	912
4.60542E14	739
4.60498E14	794
4.60455E14	1146
4.60412E14	815
4.60368E14	842
4.60325E14	879
4.60282E14	865
4.60238E14	1298
4.60195E14	1084
4.60152E14	857
4.60109E14	854
4.60065E14	694
4.60022E14	488
4.59979E14	1324
4.59935E14	1619
4.59892E14	1004
4.59849E14	813
4.59806E14	637
4.59763E14	747
4.59719E14	663
4.59676E14	1344
4.59633E14	984
4.5959E14	845
4.59547E14	989
4.59503E14	960
4.5946E14	701
4.59417E14	828
4.59374E14	1378
4.59331E14	980
4.59288E14	1026
4.59245E14	710
4.59201E14	784
4.59158E14	695
4.59115E14	1439
4.59072E14	948
4.59029E14	904
4.58986E14	672
4.58943E14	599
4.589E14	744
4.58857E14	1363
4.58814E14	787
4.58771E14	929
4.58728E14	951
4.58685E14	712
4.58642E14	923
4.58599E14	876
4.58556E14	1293
4.58513E14	1082
4.5847E14	1332
4.58427E14	760
4.58384E14	600
4.58341E14	877
4.58298E14	1391
4.58255E14	915
4.58212E14	1158
4.58169E14	985
4.58126E14	906
4.58083E14	458
4.58041E14	914
4.57998E14	1467
4.57955E14	1013
4.57912E14	1062
4.57869E14	625
4.57826E14	808
4.57783E14	699
4.5774E14	1386
4.57698E14	1121
4.57655E14	886
4.57612E14	1013
4.57569E14	505
4.57526E14	895
4.57484E14	1590
4.57441E14	1181
4.57398E14	850
4.57355E14	869
4.57313E14	759
4.5727E14	763
4.57227E14	910
4.57184E14	1234
4.57142E14	1022
4.57099E14	895
4.57056E14	662
4.57013E14	729
4.56971E14	1003
4.56928E14	1419
4.56885E14	1086
4.56843E14	875
4.568E14	939
4.56757E14	944
4.56715E14	832
4.56672E14	1111
4.56629E14	1473
4.56587E14	1136
4.56544E14	850
4.56502E14	656
4.56459E14	595
4.56416E14	656
4.56374E14	1456
4.56331E14	1135
4.56289E14	908
4.56246E14	932
4.56204E14	675
4.56161E14	740
4.56119E14	1492
4.56076E14	1064
4.56033E14	819
4.55991E14	996
4.55948E14	635
4.55906E14	656
4.55864E14	1026
4.55821E14	1378
4.55779E14	1231
4.55736E14	704
4.55694E14	758
4.55651E14	704
4.55609E14	1485
4.55566E14	1787
4.55524E14	1296
4.55481E14	773
4.55439E14	866
4.55397E14	767
4.55354E14	776
4.55312E14	880
4.5527E14	1484
4.55227E14	1280
4.55185E14	1007
4.55142E14	1118
4.551E14	797
4.55058E14	857
4.55015E14	1646
4.54973E14	1405
4.54931E14	1238
4.54888E14	880
4.54846E14	477
4.54804E14	941
4.54762E14	1520
4.54719E14	1140
4.54677E14	917
4.54635E14	1120
4.54593E14	936
4.5455E14	728
4.54508E14	949
4.54466E14	1525
4.54424E14	1300
4.54381E14	1117
4.54339E14	1182
4.54297E14	613
4.54255E14	826
4.54213E14	1533
4.5417E14	1290
4.54128E14	1024
4.54086E14	963
4.54044E14	813
4.54002E14	660
4.5396E14	742
4.53918E14	1450
4.53875E14	1183
4.53833E14	897
4.53791E14	821
4.53749E14	742
4.53707E14	890
4.53665E14	1526
4.53623E14	1395
4.53581E14	1289
4.53539E14	1068
4.53497E14	646
4.53455E14	1044
4.53413E14	1510
4.53371E14	1019
4.53329E14	1202
4.53287E14	1161
4.53245E14	1018
4.53203E14	913
4.53161E14	909
4.53119E14	1636
4.53077E14	1004
4.53035E14	1056
4.52993E14	877
4.52951E14	670
4.52909E14	1007
4.52867E14	1795
4.52825E14	1190
4.52783E14	1121
4.52741E14	1187
4.52699E14	687
4.52657E14	793
4.52616E14	1305
4.52574E14	1537
4.52532E14	1549
4.5249E14	944
4.52448E14	889
4.52406E14	840
4.52364E14	848
4.52323E14	1566
4.52281E14	1203
4.52239E14	1113
4.52197E14	1364
4.52155E14	878
4.52114E14	1063
4.52072E14	1564
4.5203E14	1170
4.51988E14	1116
4.51946E14	839
4.51905E14	1205
4.51863E14	841
4.51821E14	1034
4.5178E14	1746
4.51738E14	1255
4.51696E14	1040
4.51654E14	854
4.51613E14	510
4.51571E14	1001
4.51529E14	1745
4.51488E14	1300
4.51446E14	1144
4.51404E14	1087
4.51363E14	924
4.51321E14	671
4.51279E14	1108
4.51238E14	1616
4.51196E14	1377
4.51154E14	1178
4.51113E14	827
4.51071E14	454
4.5103E14	1032
4.50988E14	1717
4.50947E14	1226
4.50905E14	1111
4.50863E14	939
4.50822E14	553
4.5078E14	771
4.50739E14	1167
4.50697E14	1095
4.50656E14	1037
4.50614E14	1064
4.50573E14	874
4.50531E14	771
4.5049E14	910
4.50448E14	1760
4.50407E14	1244
4.50365E14	1028
4.50324E14	908
4.50282E14	717
4.50241E14	1299
4.50199E14	1664
4.50158E14	1149
4.50117E14	1219
4.50075E14	1208
4.50034E14	1202
4.49992E14	944
4.49951E14	858
4.4991E14	1443
4.49868E14	1069
4.49827E14	1057
4.49786E14	842
4.49744E14	519
4.49703E14	874
4.49661E14	1751
4.4962E14	1282
4.49579E14	1085
4.49537E14	928
4.49496E14	596
4.49455E14	850
4.49414E14	1852
4.49372E14	1109
4.49331E14	1130
4.4929E14	1090
4.49248E14	714
4.49207E14	736
4.49166E14	1004
4.49125E14	1380
4.49084E14	1090
4.49042E14	978
4.49001E14	918
4.4896E14	646
4.48919E14	1022
4.48877E14	1702
4.48836E14	1166
4.48795E14	1865
4.48754E14	1199
4.48713E14	778
4.48672E14	742
4.4863E14	938
4.48589E14	1895
4.48548E14	1425
4.48507E14	1047
4.48466E14	831
4.48425E14	584
4.48384E14	1100
4.48343E14	2244
4.48302E14	1592
4.4826E14	1109
4.48219E14	974
4.48178E14	739
4.48137E14	950
4.48096E14	1751
4.48055E14	1280
4.48014E14	942
4.47973E14	952
4.47932E14	818
4.47891E14	958
4.4785E14	919
4.47809E14	1739
4.47768E14	1089
4.47727E14	1005
4.47686E14	1063
4.47645E14	758
4.47604E14	865
4.47563E14	1590
4.47522E14	1162
4.47481E14	1397
4.4744E14	1229
4.47399E14	774
4.47359E14	795
4.47318E14	1223
4.47277E14	1572
4.47236E14	1131
4.47195E14	993
4.47154E14	983
4.47113E14	917
4.47072E14	898
4.47031E14	1551
4.46991E14	1341
4.4695E14	1108
4.46909E14	914
4.46868E14	752
4.46827E14	1000
4.46786E14	1650
4.46746E14	1342
4.46705E14	1189
4.46664E14	1121
4.46623E14	1146
4.46583E14	731
4.46542E14	1085
4.46501E14	1520
4.4646E14	1241
4.4642E14	1133
4.46379E14	1006
4.46338E14	808
4.46297E14	861
4.46257E14	1673
4.46216E14	1486
4.46175E14	1161
4.46135E14	1180
4.46094E14	843
4.46053E14	513
4.46012E14	898
4.45972E14	1444
4.45931E14	1705
4.4589E14	1058
4.4585E14	955
4.45809E14	821
4.45769E14	1105
4.45728E14	1780
4.45687E14	1290
4.45647E14	1169
4.45606E14	991
4.45566E14	1058
4.45525E14	1125
4.45484E14	1609
4.45444E14	1039
4.45403E14	1248
4.45363E14	1078
4.45322E14	963
4.45282E14	782
4.45241E14	1193
4.45201E14	1984
4.4516E14	1292
4.4512E14	917
4.45079E14	1059
4.45039E14	877
4.44998E14	1012
4.44958E14	1795
4.44917E14	1314
4.44877E14	1289
4.44836E14	1076
4.44796E14	953
4.44755E14	777
4.44715E14	981
4.44674E14	3393
4.44634E14	1399
4.44594E14	962
4.44553E14	675
4.44513E14	824
4.44472E14	1271
4.44432E14	1674
4.44392E14	1259
4.44351E14	1023
4.44311E14	912
4.44271E14	943
4.4423E14	884
4.4419E14	1516
4.4415E14	1393
4.44109E14	1266
4.44069E14	1235
4.44029E14	1162
4.43988E14	943
4.43948E14	989
4.43908E14	1551
4.43867E14	1340
4.43827E14	1157
4.43787E14	843
4.43747E14	654
4.43706E14	1062
4.43666E14	1765
4.43626E14	1323
4.43586E14	1325
4.43545E14	1116
4.43505E14	1072
4.43465E14	984
4.43425E14	859
4.43385E14	1087
4.43344E14	1146
4.43304E14	922
4.43264E14	1112
4.43224E14	824
4.43184E14	1155
4.43144E14	1517
4.43104E14	1000
4.43063E14	989
4.43023E14	1009
4.42983E14	851
4.42943E14	862
4.42903E14	1704
4.42863E14	1366
4.42823E14	1336
4.42783E14	1046
4.42743E14	840
4.42702E14	706
4.42662E14	847
4.42622E14	1784
4.42582E14	1298
4.42542E14	1272
4.42502E14	934
4.42462E14	753
4.42422E14	900
4.42382E14	1484
4.42342E14	1431
4.42302E14	1164
4.42262E14	1066
4.42222E14	658
4.42182E14	643
4.42142E14	1030
4.42102E14	1831
4.42062E14	1486
4.42022E14	1300
4.41982E14	1003
4.41943E14	726
4.41903E14	1087
4.41863E14	1728
4.41823E14	1338
4.41783E14	1013
4.41743E14	1016
4.41703E14	831
4.41663E14	1020
4.41623E14	2000
4.41583E14	1379
4.41544E14	1391
4.41504E14	1126
4.41464E14	1167
4.41424E14	985
4.41384E14	1071
4.41344E14	1752
4.41305E14	1218
4.41265E14	944
4.41225E14	820
4.41185E14	755
4.41145E14	980
4.41106E14	1636
4.41066E14	1212
4.41026E14	1076
4.40986E14	1449
4.40947E14	837
4.40907E14	965
4.40867E14	1435
4.40827E14	2018
4.40788E14	1474
4.40748E14	1216
4.40708E14	843
4.40669E14	616
4.40629E14	1071
4.40589E14	1776
4.40549E14	1444
4.4051E14	1134
4.4047E14	917
4.4043E14	1326
4.40391E14	957
4.40351E14	1994
4.40312E14	1349
4.40272E14	1339
4.40232E14	1036
4.40193E14	757
4.40153E14	777
4.40113E14	1215
4.40074E14	1944
4.40034E14	1297
4.39995E14	1264
4.39955E14	1089
4.39916E14	1099
4.39876E14	1212
4.39836E14	1846
4.39797E14	1297
4.39757E14	1084
4.39718E14	1131
4.39678E14	970
4.39639E14	735
4.39599E14	935
4.3956E14	2478
4.3952E14	2830
4.39481E14	1462
4.39441E14	925
4.39402E14	793
4.39362E14	988
4.39323E14	1701
4.39283E14	1421
4.39244E14	983
4.39205E14	1157
4.39165E14	1160
4.39126E14	1555
4.39086E14	1824
4.39047E14	1707
4.39007E14	1334
4.38968E14	1118
4.38929E14	1100
4.38889E14	897
4.3885E14	1461
4.38811E14	1791
4.38771E14	1291
4.38732E14	1054
4.38692E14	1027
4.38653E14	883
4.38614E14	1423
4.38574E14	1607
4.38535E14	1691
4.38496E14	1245
4.38457E14	1042
4.38417E14	939
4.38378E14	915
4.38339E14	1174
4.38299E14	1712
4.3826E14	1556
4.38221E14	1140
4.38182E14	1060
4.38142E14	882
4.38103E14	1253
4.38064E14	1731
4.38025E14	1265
4.37985E14	1075
4.37946E14	881
4.37907E14	791
4.37868E14	1123
4.37829E14	1941
4.37789E14	1225
4.3775E14	1265
4.37711E14	1220
4.37672E14	1020
4.37633E14	1192
4.37594E14	1099
4.37554E14	1476
4.37515E14	1319
4.37476E14	1400
4.37437E14	968
4.37398E14	800
4.37359E14	957
4.3732E14	1628
4.37281E14	1271
4.37242E14	1099
4.37203E14	1211
4.37163E14	1016
4.37124E14	1035
4.37085E14	1109
4.37046E14	1810
4.37007E14	1265
4.36968E14	1040
4.36929E14	935
4.3689E14	834
4.36851E14	907
4.36812E14	1626
4.36773E14	1446
4.36734E14	1274
4.36695E14	1159
4.36656E14	820
4.36617E14	1284
4.36578E14	2074
4.36539E14	1618
4.365E14	1083
4.36461E14	1397
4.36422E14	1005
4.36383E14	972
4.36345E14	1021
4.36306E14	1774
4.36267E14	1470
4.36228E14	1300
4.36189E14	1333
4.3615E14	1226
4.36111E14	1421
4.36072E14	1989
4.36033E14	1515
4.35994E14	1085
4.35956E14	1218
4.35917E14	1136
4.35878E14	843
4.35839E14	1037
4.358E14	1965
4.35761E14	1245
4.35723E14	1099
4.35684E14	1042
4.35645E14	826
4.35606E14	1008
4.35567E14	1676
4.35529E14	1386
4.3549E14	1448
4.35451E14	1074
4.35412E14	928
4.35374E14	1185
4.35335E14	1768
4.35296E14	1421
4.35257E14	1488
4.35219E14	1220
4.3518E14	1051
4.35141E14	1017
4.35103E14	987
4.35064E14	1866
4.35025E14	1440
4.34986E14	1261
4.34948E14	1095
4.34909E14	911
4.3487E14	1488
4.34832E14	2128
4.34793E14	1442
4.34754E14	1176
4.34716E14	1208
4.34677E14	1066
4.34639E14	1016
4.346E14	1239
4.34561E14	2099
4.34523E14	1617
4.34484E14	1329
4.34446E14	1362
4.34407E14	985
4.34368E14	1385
4.3433E14	1850
4.34291E14	1432
4.34253E14	1281
4.34214E14	1071
4.34176E14	942
4.34137E14	998
4.34099E14	2122
4.3406E14	1513
4.34022E14	1488
4.33983E14	1240
4.33945E14	1142
4.33906E14	892
4.33868E14	1149
4.33829E14	1692
4.33791E14	1317
4.33752E14	1239
4.33714E14	1002
4.33675E14	809
4.33637E14	1669
4.33598E14	1803
4.3356E14	1724
4.33521E14	1467
4.33483E14	1280
4.33445E14	965
4.33406E14	787
4.33368E14	931
4.33329E14	1842
4.33291E14	1380
4.33253E14	1146
4.33214E14	1028
4.33176E14	1109
4.33138E14	1263
4.33099E14	1729
4.33061E14	1390
4.33023E14	984
4.32984E14	1188
4.32946E14	1008
4.32908E14	1164
4.32869E14	1873
4.32831E14	1447
4.32793E14	1370
4.32754E14	1327
4.32716E14	1384
4.32678E14	829
4.3264E14	1425
4.32601E14	1675
4.32563E14	1547
4.32525E14	1381
4.32487E14	958
4.32448E14	977
4.3241E14	1249
4.32372E14	1745
4.32334E14	1666
4.32295E14	1243
4.32257E14	1170
4.32219E14	1092
4.32181E14	978
4.32143E14	1687
4.32105E14	1743
4.32066E14	1383
4.32028E14	1474
4.3199E14	1241
4.31952E14	935
4.31914E14	1103
4.31876E14	1700
4.31838E14	1295
4.31799E14	1180
4.31761E14	1093
4.31723E14	1068
4.31685E14	1192
4.31647E14	1681
4.31609E14	1274
4.31571E14	1020
4.31533E14	1181
4.31495E14	982
4.31457E14	765
4.31419E14	1333
4.31381E14	1972
4.31342E14	1536
4.31304E14	1086
4.31266E14	1173
4.31228E14	1186
4.3119E14	1100
4.31152E14	1566
4.31114E14	1266
4.31076E14	1202
4.31038E14	1086
4.31E14	1073
4.30962E14	868
4.30924E14	1297
4.30887E14	1790
4.30849E14	1526
4.30811E14	1265
4.30773E14	1064
4.30735E14	946
4.30697E14	1262
4.30659E14	1585
4.30621E14	1304
4.30583E14	1421
4.30545E14	1058
4.30507E14	740
4.30469E14	1171
4.30432E14	1708
4.30394E14	1244
4.30356E14	1407
4.30318E14	1633
4.3028E14	1096
4.30242E14	771
4.30204E14	1262
4.30167E14	1826
4.30129E14	1555
4.30091E14	1139
4.30053E14	1005
4.30015E14	1001
4.29978E14	1057
4.2994E14	1971
4.29902E14	1576
4.29864E14	1062
4.29826E14	1254
4.29789E14	926
4.29751E14	746
4.29713E14	1172
4.29675E14	1859
4.29638E14	1495
4.296E14	1096
4.29562E14	1109
4.29524E14	843
4.29487E14	1407
4.29449E14	1973
4.29411E14	1306
4.29374E14	1156
4.29336E14	1465
4.29298E14	931
4.29261E14	1185
4.29223E14	1850
4.29185E14	1323
4.29148E14	1240
4.2911E14	1589
4.29072E14	1197
4.29035E14	1045
4.28997E14	1175
4.28959E14	1879
4.28922E14	1653
4.28884E14	1372
4.28847E14	1150
4.28809E14	1027
4.28771E14	1445
4.28734E14	1985
4.28696E14	1404
4.28659E14	1382
4.28621E14	1372
4.28584E14	973
4.28546E14	1032
4.28509E14	1469
4.28471E14	1865
4.28433E14	1499
4.28396E14	1164
4.28358E14	971
4.28321E14	889
4.28283E14	979
4.28246E14	1681
4.28208E14	1512
4.28171E14	1124
4.28133E14	1211
4.28096E14	926
4.28059E14	1238
4.28021E14	2027
4.27984E14	1565
4.27946E14	1333
4.27909E14	1360
4.27871E14	1312
4.27834E14	956
4.27796E14	1243
4.27759E14	1882
4.27722E14	1325
4.27684E14	1161
4.27647E14	1473
4.27609E14	1311
4.27572E14	1298
4.27535E14	1489
4.27497E14	1719
4.2746E14	1381
4.27423E14	1183
4.27385E14	1087
4.27348E14	892
4.27311E14	1227
4.27273E14	1845
4.27236E14	1446
4.27199E14	1365
4.27161E14	1200
4.27124E14	1068
4.27087E14	1163
4.2705E14	1772
4.27012E14	1417
4.26975E14	1187
4.26938E14	1006
4.269E14	1025
4.26863E14	1174
4.26826E14	1501
4.26789E14	1317
4.26751E14	1155
4.26714E14	1292
4.26677E14	911
4.2664E14	880
4.26603E14	1031
4.26565E14	1837
4.26528E14	1429
4.26491E14	1510
4.26454E14	983
4.26417E14	759
4.26379E14	1409
4.26342E14	2115
4.26305E14	1365
4.26268E14	1577
4.26231E14	1306
4.26194E14	1625
4.26157E14	1297
4.26119E14	1373
4.26082E14	1949
4.26045E14	1478
4.26008E14	1349
4.25971E14	1151
4.25934E14	864
4.25897E14	1315
4.2586E14	1827
4.25823E14	1569
4.25786E14	1426
4.25749E14	1268
4.25712E14	940
4.25674E14	1214
4.25637E14	1775
4.256E14	1456
4.25563E14	1338
4.25526E14	1493
4.25489E14	1054
4.25452E14	825
4.25415E14	1364
4.25378E14	1949
4.25341E14	1465
4.25304E14	1415
4.25267E14	1325
4.2523E14	919
4.25193E14	1256
4.25157E14	1992
4.2512E14	1518
4.25083E14	1382
4.25046E14	1526
4.25009E14	1210
4.24972E14	817
4.24935E14	1278
4.24898E14	1869
4.24861E14	1423
4.24824E14	1617
4.24787E14	1186
4.2475E14	968
4.24714E14	1657
4.24677E14	1971
4.2464E14	1381
4.24603E14	1791
4.24566E14	1392
4.24529E14	1060
4.24492E14	1372
4.24456E14	1819
4.24419E14	1540
4.24382E14	1291
4.24345E14	1599
4.24308E14	1193
4.24271E14	1258
4.24235E14	1377
4.24198E14	2083
4.24161E14	1568
4.24124E14	1573
4.24088E14	1160
4.24051E14	1199
4.24014E14	1175
4.23977E14	2221
4.23941E14	1436
4.23904E14	1498
4.23867E14	1554
4.2383E14	1036
4.23794E14	992
4.23757E14	1286
4.2372E14	1944
4.23684E14	1409
4.23647E14	1205
4.2361E14	1136
4.23573E14	802
4.23537E14	1309
4.235E14	1873
4.23463E14	1481
4.23427E14	1314
4.2339E14	1070
4.23354E14	841
4.23317E14	1495
4.2328E14	2045
4.23244E14	1402
4.23207E14	1507
4.2317E14	1605
4.23134E14	1317
4.23097E14	1078
4.23061E14	1072
4.23024E14	1806
4.22987E14	1585
4.22951E14	1493
4.22914E14	1258
4.22878E14	866
4.22841E14	1479
4.22805E14	1890
4.22768E14	1650
4.22732E14	1399
4.22695E14	1380
4.22658E14	1070
4.22622E14	945
4.22585E14	1253
4.22549E14	2023
4.22512E14	1561
4.22476E14	1344
4.22439E14	1287
4.22403E14	744
4.22367E14	2033
4.2233E14	2456
4.22294E14	1576
4.22257E14	1296
4.22221E14	1115
4.22184E14	925
4.22148E14	1251
4.22111E14	1734
4.22075E14	1633
4.22039E14	1537
4.22002E14	1475
4.21966E14	1071
4.21929E14	1196
4.21893E14	1471
4.21857E14	2058
4.2182E14	1528
4.21784E14	1520
4.21747E14	1422
4.21711E14	1224
4.21675E14	1710
4.21638E14	1845
4.21602E14	1463
4.21566E14	1546
4.21529E14	1481
4.21493E14	1099
4.21457E14	944
4.2142E14	1093
4.21384E14	1956
4.21348E14	1377
4.21312E14	1479
4.21275E14	1307
4.21239E14	1333
4.21203E14	1071
4.21166E14	1956
4.2113E14	1548
4.21094E14	1366
4.21058E14	1279
4.21021E14	1085
4.20985E14	1223
4.20949E14	2137
4.20913E14	1743
4.20877E14	1410
4.2084E14	1472
4.20804E14	1242
4.20768E14	1134
4.20732E14	1492
4.20696E14	1815
4.20659E14	1360
4.20623E14	1160
4.20587E14	1185
4.20551E14	1291
4.20515E14	2049
4.20479E14	2055
4.20442E14	1433
4.20406E14	1511
4.2037E14	1482
4.20334E14	1476
4.20298E14	1164
4.20262E14	3065
4.20226E14	2388
4.2019E14	1509
4.20154E14	1397
4.20117E14	1414
4.20081E14	1007
4.20045E14	1415
4.20009E14	2248
4.19973E14	1619
4.19937E14	1683
4.19901E14	1431
4.19865E14	947
4.19829E14	1267
4.19793E14	1743
4.19757E14	1487
4.19721E14	1454
4.19685E14	1769
4.19649E14	1278
4.19613E14	1234
4.19577E14	1400
4.19541E14	2245
4.19505E14	1506
4.19469E14	1320
4.19433E14	1210
4.19397E14	1109
4.19361E14	1120
4.19325E14	2004
4.19289E14	1532
4.19253E14	1686
4.19217E14	1432
4.19181E14	1157
4.19145E14	900
4.1911E14	1249
4.19074E14	2044
4.19038E14	1456
4.19002E14	1445
4.18966E14	1053
4.1893E14	953
4.18894E14	1498
4.18858E14	2050
4.18822E14	1532
4.18787E14	1395
4.18751E14	1434
4.18715E14	1187
4.18679E14	1621
4.18643E14	1902
4.18607E14	1870
4.18572E14	1464
4.18536E14	1381
4.185E14	1412
4.18464E14	1301
4.18428E14	1444
4.18393E14	1854
4.18357E14	1623
4.18321E14	1467
4.18285E14	1404
4.1825E14	1236
4.18214E14	1417
4.18178E14	1772
4.18142E14	1530
4.18107E14	1334
4.18071E14	1655
4.18035E14	1222
4.17999E14	950
4.17964E14	1210
4.17928E14	1965
4.17892E14	1631
4.17857E14	1529
4.17821E14	1250
4.17785E14	892
4.17749E14	1177
4.17714E14	1942
4.17678E14	1410
4.17642E14	1266
4.17607E14	1367
4.17571E14	1040
4.17536E14	1286
4.175E14	1884
4.17464E14	1695
4.17429E14	1468
4.17393E14	1405
4.17357E14	1021
4.17322E14	952
4.17286E14	1307
4.17251E14	1882
4.17215E14	1615
4.17179E14	1229
4.17144E14	1463
4.17108E14	1294
4.17073E14	1665
4.17037E14	2318
4.17002E14	1553
4.16966E14	1367
4.1693E14	1125
4.16895E14	1435
4.16859E14	1397
4.16824E14	1204
4.16788E14	1855
4.16753E14	1406
4.16717E14	1291
4.16682E14	1019
4.16646E14	1355
4.16611E14	1515
4.16575E14	1701
4.1654E14	1555
4.16504E14	1503
4.16469E14	1917
4.16434E14	1406
4.16398E14	1151
4.16363E14	1806
4.16327E14	1449
4.16292E14	1565
4.16256E14	1660
4.16221E14	1528
4.16186E14	911
4.1615E14	1643
4.16115E14	2187
4.16079E14	1743
4.16044E14	1813
4.16009E14	1252
4.15973E14	971
4.15938E14	1541
4.15902E14	2326
4.15867E14	1681
4.15832E14	1497
4.15796E14	1311
4.15761E14	1060
4.15726E14	1071
4.1569E14	1264
4.15655E14	1849
4.1562E14	1672
4.15584E14	1338
4.15549E14	1142
4.15514E14	1103
4.15479E14	1352
4.15443E14	2045
4.15408E14	1640
4.15373E14	1314
4.15337E14	1154
4.15302E14	1182
4.15267E14	1914
4.15232E14	2084
4.15196E14	1387
4.15161E14	1561
4.15126E14	1264
4.15091E14	1191
4.15056E14	1051
4.1502E14	914
4.14985E14	1444
4.1495E14	1128
4.14915E14	1034
4.14879E14	940
4.14844E14	1028
4.14809E14	994
4.14774E14	1257
4.14739E14	1144
4.14704E14	1270
4.14668E14	1292
4.14633E14	980
4.14598E14	866
4.14563E14	1072
4.14528E14	1162
4.14493E14	1108
4.14458E14	1276
4.14423E14	1022
4.14387E14	940
4.14352E14	1134
4.14317E14	1282
4.14282E14	1026
4.14247E14	1114
4.14212E14	1638
4.14177E14	1050
4.14142E14	1098
4.14107E14	1338
4.14072E14	1016
4.14037E14	1092
4.14002E14	1319
4.13967E14	1109
4.13932E14	869
4.13897E14	1006
4.13862E14	1112
4.13827E14	1047
4.13792E14	1536
4.13757E14	1108
4.13722E14	942
4.13687E14	937
4.13652E14	1304
4.13617E14	997
4.13582E14	1060
4.13547E14	1252
4.13512E14	1106
4.13477E14	894
4.13442E14	978
4.13407E14	1143
4.13372E14	1170
4.13337E14	1446
4.13302E14	1098
4.13267E14	783
4.13232E14	1018
4.13197E14	1201
4.13162E14	1077
4.13128E14	1144
4.13093E14	1139
4.13058E14	754
4.13023E14	699
4.12988E14	663
4.12953E14	352
4.12918E14	618
4.12883E14	963
4.12849E14	639
4.12814E14	739
4.12779E14	501
4.12744E14	356
4.12709E14	494
4.12674E14	1359
4.1264E14	763
4.12605E14	795
4.1257E14	614
4.12535E14	472
4.125E14	443
4.12466E14	473
4.12431E14	1133
4.12396E14	889
4.12361E14	448
4.12327E14	395
4.12292E14	325
4.12257E14	652
4.12222E14	1161
4.12188E14	929
4.12153E14	736
4.12118E14	697
4.12083E14	588
4.12049E14	327
4.12014E14	711
4.11979E14	1059
4.11945E14	674
4.1191E14	611
4.11875E14	561
4.11841E14	350
4.11806E14	496
4.11771E14	1065
4.11737E14	622
4.11702E14	643
4.11667E14	484
4.11633E14	313
4.11598E14	572
4.11563E14	1491
4.11529E14	773
4.11494E14	740
4.11459E14	643
4.11425E14	277
4.1139E14	250
4.11356E14	564
4.11321E14	1117
4.11287E14	720
4.11252E14	683
4.11217E14	488
4.11183E14	377
4.11148E14	422
4.11114E14	965
4.11079E14	691
4.11045E14	649
4.1101E14	739
4.10976E14	681
4.10941E14	303
4.10906E14	524
4.10872E14	1084
4.10837E14	802
4.10803E14	579
4.10768E14	475
4.10734E14	351
4.10699E14	500
4.10665E14	1206
4.10631E14	1016
4.10596E14	819
4.10562E14	606
4.10527E14	649
4.10493E14	489
4.10458E14	1005
4.10424E14	763
4.10389E14	570
4.10355E14	595
4.10321E14	426
4.10286E14	462
4.10252E14	697
4.10217E14	1084
4.10183E14	666
4.10148E14	698
4.10114E14	627
4.1008E14	361
4.10045E14	698
4.10011E14	1082
4.09977E14	825
4.09942E14	866
4.09908E14	701
4.09874E14	362
4.09839E14	269
4.09805E14	569
4.09771E14	1053
4.09736E14	892
4.09702E14	831
4.09668E14	685
4.09633E14	442
4.09599E14	833
4.09565E14	1188
4.0953E14	907
4.09496E14	594
4.09462E14	496
4.09428E14	456
4.09393E14	395
4.09359E14	1469
4.09325E14	901
4.09291E14	537
4.09256E14	790
4.09222E14	611
4.09188E14	329
4.09154E14	853
4.09119E14	1163
4.09085E14	702
4.09051E14	713
4.09017E14	567
4.08983E14	433
4.08948E14	403
4.08914E14	1099
4.0888E14	839
4.08846E14	468
4.08812E14	652
4.08777E14	596
4.08743E14	375
4.08709E14	539
4.08675E14	1522
4.08641E14	927
4.08607E14	742
4.08573E14	707
4.08538E14	437
4.08504E14	696
4.0847E14	1175
4.08436E14	763
4.08402E14	831
4.08368E14	612
4.08334E14	361
4.083E14	920
4.08266E14	1145
4.08232E14	689
4.08198E14	615
4.08164E14	690
4.08129E14	621
4.08095E14	432
4.08061E14	559
4.08027E14	1110
4.07993E14	929
4.07959E14	726
4.07925E14	422
4.07891E14	407
4.07857E14	673
4.07823E14	1011
4.07789E14	706
4.07755E14	713
4.07721E14	785
4.07687E14	476
4.07653E14	395
4.07619E14	654
4.07585E14	1239
4.07551E14	714
4.07517E14	752
4.07483E14	548
4.0745E14	509
4.07416E14	567
4.07382E14	1584
4.07348E14	710
4.07314E14	570
4.0728E14	517
4.07246E14	416
4.07212E14	588
4.07178E14	1195
4.07144E14	829
4.0711E14	701
4.07077E14	637
4.07043E14	467
4.07009E14	544
4.06975E14	679
4.06941E14	1141
4.06907E14	992
4.06873E14	706
4.0684E14	506
4.06806E14	445
4.06772E14	602
4.06738E14	985
4.06704E14	776
4.0667E14	780
4.06637E14	607
4.06603E14	493
4.06569E14	373
4.06535E14	527
4.06501E14	1382
4.06468E14	771
4.06434E14	894
4.064E14	765
4.06366E14	518
4.06333E14	754
4.06299E14	1187
4.06265E14	738
4.06231E14	831
4.06198E14	627
4.06164E14	586
4.0613E14	789
4.06096E14	1380
4.06063E14	833
4.06029E14	625
4.05995E14	668
4.05962E14	487
4.05928E14	343
4.05894E14	698
4.05861E14	1429
4.05827E14	867
4.05793E14	637
4.0576E14	461
4.05726E14	273
4.05692E14	537
4.05659E14	1266
4.05625E14	1084
4.05591E14	828
4.05558E14	657
4.05524E14	413
4.05491E14	336
4.05457E14	1017
4.05423E14	1325
4.0539E14	944
4.05356E14	552
4.05323E14	561
4.05289E14	323
4.05255E14	646
4.05222E14	1125
4.05188E14	1031
4.05155E14	843
4.05121E14	569
4.05088E14	450
4.05054E14	756
4.05021E14	1114
4.04987E14	980
4.04953E14	737
4.0492E14	885
4.04886E14	681
4.04853E14	538
4.04819E14	812
4.04786E14	1459
4.04752E14	881
4.04719E14	598
4.04685E14	622
4.04652E14	380
4.04618E14	625
4.04585E14	1243
4.04552E14	902
4.04518E14	913
4.04485E14	673
4.04451E14	547
4.04418E14	461
4.04384E14	657
4.04351E14	1066
4.04317E14	887
4.04284E14	587
4.04251E14	497
4.04217E14	319
4.04184E14	785
4.0415E14	1152
4.04117E14	891
4.04084E14	578
4.0405E14	852
4.04017E14	589
4.03984E14	612
4.0395E14	1172
4.03917E14	972
4.03883E14	683
4.0385E14	523
4.03817E14	414
4.03783E14	385
4.0375E14	552
4.03717E14	1054
4.03684E14	827
4.0365E14	722
4.03617E14	550
4.03584E14	410
4.0355E14	558
4.03517E14	1235
4.03484E14	821
4.0345E14	704
4.03417E14	672
4.03384E14	585
4.03351E14	431
4.03317E14	584
4.03284E14	1169
4.03251E14	765
4.03218E14	777
4.03184E14	669
4.03151E14	292
4.03118E14	608
4.03085E14	1353
4.03052E14	903
4.03018E14	642
4.02985E14	635
4.02952E14	487
4.02919E14	587
4.02886E14	1340
4.02852E14	903
4.02819E14	873
4.02786E14	941
4.02753E14	405
4.0272E14	499
4.02687E14	847
4.02653E14	1092
4.0262E14	796
4.02587E14	827
4.02554E14	858
4.02521E14	642
4.02488E14	822
4.02455E14	1316
4.02422E14	748
4.02388E14	791
4.02355E14	779
4.02322E14	603
4.02289E14	393
4.02256E14	733
4.02223E14	1207
4.0219E14	1068
4.02157E14	762
4.02124E14	518
4.02091E14	454
4.02058E14	871
4.02025E14	1221
4.01992E14	845
4.01959E14	815
4.01926E14	562
4.01893E14	475
4.01859E14	734
4.01826E14	1019
4.01793E14	955
4.0176E14	672
4.01727E14	758
4.01694E14	504
4.01662E14	327
4.01629E14	725
4.01596E14	1168
4.01563E14	677
4.0153E14	677
4.01497E14	698
4.01464E14	326
4.01431E14	705
4.01398E14	1320
4.01365E14	1069
4.01332E14	624
4.01299E14	747
4.01266E14	629
4.01233E14	364
4.012E14	615
4.01167E14	1649
4.01134E14	1076
4.01102E14	714
4.01069E14	590
4.01036E14	363
4.01003E14	582
4.0097E14	1248
4.00937E14	891
4.00904E14	927
4.00871E14	653
4.00839E14	641
4.00806E14	575
4.00773E14	545
4.0074E14	664
4.00707E14	661
4.00674E14	597
4.00642E14	629
4.00609E14	1069
4.00576E14	770
4.00543E14	1094
4.0051E14	876
4.00478E14	972
4.00445E14	665
4.00412E14	333
4.00379E14	596
4.00347E14	964
4.00314E14	777
4.00281E14	589
4.00248E14	733
4.00216E14	595
4.00183E14	535
4.0015E14	820
4.00117E14	1194
4.00085E14	758
4.00052E14	654
4.00019E14	421
