Frequencia	Intensidade
7.49972E14	310
7.49857E14	172
7.49742E14	192
7.49627E14	460
7.49512E14	284
7.49397E14	259
7.49282E14	192
7.49168E14	194
7.49053E14	178
7.48938E14	191
7.48824E14	378
7.48709E14	245
7.48594E14	209
7.4848E14	188
7.48365E14	246
7.48251E14	240
7.48136E14	405
7.48022E14	273
7.47908E14	294
7.47793E14	233
7.47679E14	250
7.47565E14	197
7.47451E14	199
7.47336E14	534
7.47222E14	406
7.47108E14	222
7.46994E14	181
7.4688E14	164
7.46766E14	252
7.46652E14	518
7.46538E14	252
7.46424E14	224
7.4631E14	265
7.46196E14	152
7.46082E14	211
7.45969E14	368
7.45855E14	356
7.45741E14	315
7.45628E14	265
7.45514E14	217
7.454E14	299
7.45287E14	298
7.45173E14	395
7.4506E14	309
7.44946E14	225
7.44833E14	215
7.44719E14	141
7.44606E14	256
7.44493E14	456
7.44379E14	295
7.44266E14	280
7.44153E14	188
7.4404E14	260
7.43927E14	286
7.43813E14	254
7.437E14	366
7.43587E14	321
7.43474E14	209
7.43361E14	149
7.43248E14	151
7.43135E14	254
7.43023E14	466
7.4291E14	441
7.42797E14	335
7.42684E14	263
7.42571E14	118
7.42459E14	276
7.42346E14	363
7.42233E14	329
7.42121E14	325
7.42008E14	247
7.41896E14	189
7.41783E14	184
7.41671E14	247
7.41558E14	327
7.41446E14	281
7.41333E14	270
7.41221E14	247
7.41109E14	280
7.40997E14	191
7.40884E14	408
7.40772E14	390
7.4066E14	336
7.40548E14	205
7.40436E14	122
7.40324E14	228
7.40212E14	228
7.401E14	435
7.39988E14	367
7.39876E14	267
7.39764E14	370
7.39652E14	371
7.3954E14	214
7.39428E14	211
7.39317E14	193
7.39205E14	156
7.39093E14	236
7.38982E14	180
7.3887E14	260
7.38758E14	356
7.38647E14	341
7.38535E14	255
7.38424E14	285
7.38312E14	218
7.38201E14	185
7.3809E14	182
7.37978E14	392
7.37867E14	326
7.37756E14	287
7.37644E14	380
7.37533E14	239
7.37422E14	250
7.37311E14	444
7.372E14	347
7.37089E14	229
7.36978E14	265
7.36867E14	259
7.36756E14	188
7.36645E14	220
7.36534E14	439
7.36423E14	470
7.36312E14	261
7.36201E14	255
7.3609E14	157
7.3598E14	181
7.35869E14	303
7.35758E14	282
7.35648E14	218
7.35537E14	221
7.35426E14	110
7.35316E14	190
7.35205E14	397
7.35095E14	355
7.34984E14	283
7.34874E14	375
7.34764E14	226
7.34653E14	177
7.34543E14	250
7.34433E14	584
7.34322E14	353
7.34212E14	265
7.34102E14	266
7.33992E14	207
7.33882E14	173
7.33772E14	307
7.33661E14	300
7.33551E14	298
7.33441E14	248
7.33332E14	225
7.33222E14	225
7.33112E14	186
7.33002E14	514
7.32892E14	294
7.32782E14	329
7.32672E14	194
7.32563E14	231
7.32453E14	245
7.32343E14	455
7.32234E14	488
7.32124E14	346
7.32015E14	196
7.31905E14	155
7.31796E14	284
7.31686E14	388
7.31577E14	376
7.31467E14	212
7.31358E14	241
7.31249E14	223
7.31139E14	248
7.3103E14	245
7.30921E14	336
7.30812E14	303
7.30702E14	263
7.30593E14	271
7.30484E14	192
7.30375E14	257
7.30266E14	461
7.30157E14	385
7.30048E14	288
7.29939E14	250
7.2983E14	217
7.29721E14	133
7.29613E14	323
7.29504E14	489
7.29395E14	282
7.29286E14	269
7.29177E14	259
7.29069E14	239
7.2896E14	218
7.28852E14	498
7.28743E14	391
7.28634E14	262
7.28526E14	278
7.28417E14	198
7.28309E14	259
7.28201E14	381
7.28092E14	380
7.27984E14	277
7.27875E14	296
7.27767E14	256
7.27659E14	225
7.27551E14	292
7.27442E14	514
7.27334E14	400
7.27226E14	282
7.27118E14	275
7.2701E14	253
7.26902E14	256
7.26794E14	336
7.26686E14	428
7.26578E14	315
7.2647E14	250
7.26362E14	224
7.26254E14	168
7.26147E14	356
7.26039E14	425
7.25931E14	379
7.25823E14	286
7.25716E14	248
7.25608E14	171
7.255E14	274
7.25393E14	373
7.25285E14	347
7.25178E14	324
7.2507E14	305
7.24963E14	153
7.24855E14	296
7.24748E14	529
7.24641E14	419
7.24533E14	265
7.24426E14	315
7.24319E14	243
7.24211E14	161
7.24104E14	188
7.23997E14	461
7.2389E14	398
7.23783E14	219
7.23676E14	179
7.23569E14	242
7.23462E14	210
7.23355E14	366
7.23248E14	260
7.23141E14	259
7.23034E14	253
7.22927E14	236
7.2282E14	233
7.22713E14	276
7.22607E14	641
7.225E14	374
7.22393E14	360
7.22287E14	258
7.2218E14	213
7.22073E14	265
7.21967E14	608
7.2186E14	427
7.21754E14	311
7.21647E14	293
7.21541E14	178
7.21434E14	208
7.21328E14	379
7.21222E14	398
7.21115E14	263
7.21009E14	315
7.20903E14	311
7.20797E14	336
7.2069E14	360
7.20584E14	426
7.20478E14	355
7.20372E14	328
7.20266E14	310
7.2016E14	262
7.20054E14	388
7.19948E14	447
7.19842E14	363
7.19736E14	294
7.1963E14	257
7.19524E14	266
7.19418E14	237
7.19313E14	338
7.19207E14	366
7.19101E14	261
7.18995E14	342
7.1889E14	277
7.18784E14	231
7.18679E14	315
7.18573E14	568
7.18467E14	342
7.18362E14	258
7.18256E14	254
7.18151E14	188
7.18046E14	263
7.1794E14	431
7.17835E14	279
7.17729E14	242
7.17624E14	317
7.17519E14	286
7.17414E14	236
7.17308E14	284
7.17203E14	393
7.17098E14	331
7.16993E14	257
7.16888E14	347
7.16783E14	310
7.16678E14	321
7.16573E14	434
7.16468E14	395
7.16363E14	315
7.16258E14	399
7.16153E14	349
7.16048E14	173
7.15944E14	327
7.15839E14	403
7.15734E14	448
7.15629E14	317
7.15525E14	283
7.1542E14	147
7.15315E14	328
7.15211E14	390
7.15106E14	313
7.15002E14	372
7.14897E14	239
7.14793E14	169
7.14688E14	216
7.14584E14	543
7.1448E14	393
7.14375E14	325
7.14271E14	295
7.14167E14	250
7.14062E14	249
7.13958E14	284
7.13854E14	435
7.1375E14	316
7.13646E14	292
7.13542E14	220
7.13438E14	228
7.13334E14	250
7.1323E14	494
7.13126E14	452
7.13022E14	373
7.12918E14	286
7.12814E14	363
7.1271E14	225
7.12606E14	249
7.12502E14	400
7.12399E14	319
7.12295E14	323
7.12191E14	303
7.12087E14	200
7.11984E14	301
7.1188E14	404
7.11777E14	292
7.11673E14	338
7.11569E14	248
7.11466E14	150
7.11363E14	243
7.11259E14	432
7.11156E14	386
7.11052E14	284
7.10949E14	251
7.10846E14	201
7.10742E14	202
7.10639E14	268
7.10536E14	559
7.10433E14	296
7.1033E14	322
7.10226E14	293
7.10123E14	196
7.1002E14	301
7.09917E14	468
7.09814E14	413
7.09711E14	320
7.09608E14	267
7.09505E14	245
7.09402E14	180
7.09299E14	360
7.09197E14	702
7.09094E14	366
7.08991E14	284
7.08888E14	254
7.08786E14	222
7.08683E14	277
7.0858E14	397
7.08478E14	290
7.08375E14	318
7.08272E14	315
7.0817E14	168
7.08067E14	211
7.07965E14	347
7.07862E14	340
7.0776E14	280
7.07658E14	216
7.07555E14	228
7.07453E14	318
7.07351E14	318
7.07248E14	524
7.07146E14	431
7.07044E14	281
7.06942E14	278
7.0684E14	189
7.06737E14	222
7.06635E14	472
7.06533E14	403
7.06431E14	325
7.06329E14	253
7.06227E14	287
7.06125E14	201
7.06023E14	211
7.05922E14	461
7.0582E14	404
7.05718E14	477
7.05616E14	266
7.05514E14	223
7.05413E14	249
7.05311E14	524
7.05209E14	416
7.05107E14	313
7.05006E14	207
7.04904E14	178
7.04803E14	356
7.04701E14	469
7.046E14	455
7.04498E14	564
7.04397E14	337
7.04295E14	288
7.04194E14	255
7.04093E14	308
7.03991E14	538
7.0389E14	330
7.03789E14	273
7.03687E14	282
7.03586E14	252
7.03485E14	214
7.03384E14	543
7.03283E14	459
7.03182E14	388
7.03081E14	348
7.0298E14	237
7.02878E14	319
7.02778E14	266
7.02677E14	524
7.02576E14	325
7.02475E14	332
7.02374E14	204
7.02273E14	214
7.02172E14	248
7.02071E14	498
7.01971E14	377
7.0187E14	287
7.01769E14	256
7.01669E14	197
7.01568E14	272
7.01467E14	522
7.01367E14	363
7.01266E14	303
7.01166E14	331
7.01065E14	262
7.00965E14	212
7.00864E14	336
7.00764E14	544
7.00664E14	382
7.00563E14	265
7.00463E14	224
7.00363E14	221
7.00262E14	253
7.00162E14	384
7.00062E14	391
6.99962E14	287
6.99862E14	321
6.99761E14	290
6.99661E14	223
6.99561E14	378
6.99461E14	379
6.99361E14	309
6.99261E14	254
6.99161E14	245
6.99061E14	154
6.98962E14	326
6.98862E14	509
6.98762E14	438
6.98662E14	359
6.98562E14	322
6.98463E14	210
6.98363E14	331
6.98263E14	409
6.98163E14	435
6.98064E14	287
6.97964E14	311
6.97865E14	265
6.97765E14	243
6.97666E14	272
6.97566E14	507
6.97467E14	324
6.97367E14	273
6.97268E14	238
6.97168E14	200
6.97069E14	314
6.9697E14	588
6.9687E14	401
6.96771E14	360
6.96672E14	230
6.96573E14	363
6.96474E14	250
6.96374E14	246
6.96275E14	413
6.96176E14	350
6.96077E14	263
6.95978E14	255
6.95879E14	285
6.9578E14	308
6.95681E14	483
6.95582E14	331
6.95483E14	352
6.95384E14	284
6.95286E14	178
6.95187E14	237
6.95088E14	458
6.94989E14	345
6.9489E14	328
6.94792E14	271
6.94693E14	224
6.94594E14	313
6.94496E14	266
6.94397E14	584
6.94299E14	354
6.942E14	306
6.94102E14	343
6.94003E14	175
6.93905E14	224
6.93806E14	452
6.93708E14	357
6.9361E14	306
6.93511E14	335
6.93413E14	226
6.93315E14	251
6.93216E14	258
6.93118E14	506
6.9302E14	566
6.92922E14	351
6.92824E14	272
6.92726E14	162
6.92627E14	264
6.92529E14	532
6.92431E14	364
6.92333E14	303
6.92235E14	364
6.92137E14	145
6.92039E14	291
6.91942E14	418
6.91844E14	424
6.91746E14	417
6.91648E14	324
6.9155E14	199
6.91453E14	237
6.91355E14	269
6.91257E14	500
6.91159E14	424
6.91062E14	319
6.90964E14	265
6.90867E14	216
6.90769E14	379
6.90672E14	556
6.90574E14	353
6.90477E14	287
6.90379E14	365
6.90282E14	220
6.90184E14	178
6.90087E14	338
6.8999E14	500
6.89892E14	365
6.89795E14	309
6.89698E14	233
6.896E14	192
6.89503E14	277
6.89406E14	507
6.89309E14	390
6.89212E14	319
6.89115E14	371
6.89018E14	259
6.88921E14	351
6.88824E14	488
6.88727E14	400
6.8863E14	291
6.88533E14	340
6.88436E14	290
6.88339E14	235
6.88242E14	348
6.88145E14	525
6.88048E14	346
6.87952E14	452
6.87855E14	478
6.87758E14	259
6.87662E14	383
6.87565E14	493
6.87468E14	404
6.87372E14	364
6.87275E14	339
6.87179E14	325
6.87082E14	201
6.86986E14	291
6.86889E14	526
6.86793E14	419
6.86696E14	389
6.866E14	270
6.86503E14	193
6.86407E14	326
6.86311E14	491
6.86215E14	448
6.86118E14	431
6.86022E14	312
6.85926E14	269
6.8583E14	252
6.85734E14	540
6.85637E14	385
6.85541E14	380
6.85445E14	407
6.85349E14	289
6.85253E14	213
6.85157E14	276
6.85061E14	516
6.84965E14	422
6.84869E14	452
6.84774E14	273
6.84678E14	189
6.84582E14	276
6.84486E14	600
6.8439E14	451
6.84295E14	278
6.84199E14	316
6.84103E14	301
6.84008E14	203
6.83912E14	403
6.83816E14	468
6.83721E14	576
6.83625E14	367
6.8353E14	304
6.83434E14	214
6.83339E14	399
6.83243E14	471
6.83148E14	365
6.83052E14	315
6.82957E14	327
6.82862E14	123
6.82766E14	330
6.82671E14	508
6.82576E14	358
6.82481E14	362
6.82385E14	367
6.8229E14	317
6.82195E14	212
6.821E14	334
6.82005E14	497
6.8191E14	471
6.81815E14	315
6.8172E14	342
6.81625E14	219
6.8153E14	348
6.81435E14	556
6.8134E14	446
6.81245E14	340
6.8115E14	417
6.81055E14	292
6.8096E14	260
6.80866E14	229
6.80771E14	454
6.80676E14	470
6.80581E14	425
6.80487E14	305
6.80392E14	237
6.80298E14	374
6.80203E14	588
6.80108E14	380
6.80014E14	401
6.79919E14	412
6.79825E14	280
6.7973E14	292
6.79636E14	669
6.79541E14	488
6.79447E14	334
6.79353E14	293
6.79258E14	316
6.79164E14	310
6.7907E14	375
6.78976E14	472
6.78881E14	386
6.78787E14	409
6.78693E14	309
6.78599E14	192
6.78505E14	335
6.78411E14	456
6.78316E14	388
6.78222E14	305
6.78128E14	338
6.78034E14	295
6.7794E14	223
6.77846E14	339
6.77753E14	476
6.77659E14	423
6.77565E14	275
6.77471E14	310
6.77377E14	296
6.77283E14	451
6.7719E14	450
6.77096E14	332
6.77002E14	305
6.76908E14	319
6.76815E14	230
6.76721E14	485
6.76628E14	538
6.76534E14	446
6.7644E14	439
6.76347E14	372
6.76253E14	272
6.7616E14	274
6.76066E14	329
6.75973E14	514
6.7588E14	448
6.75786E14	335
6.75693E14	262
6.756E14	219
6.75506E14	258
6.75413E14	538
6.7532E14	521
6.75227E14	449
6.75133E14	338
6.7504E14	264
6.74947E14	200
6.74854E14	282
6.74761E14	438
6.74668E14	426
6.74575E14	287
6.74482E14	303
6.74389E14	284
6.74296E14	281
6.74203E14	554
6.7411E14	511
6.74017E14	384
6.73924E14	286
6.73831E14	152
6.73738E14	306
6.73646E14	419
6.73553E14	360
6.7346E14	361
6.73367E14	385
6.73275E14	359
6.73182E14	360
6.7309E14	250
6.72997E14	491
6.72904E14	525
6.72812E14	309
6.72719E14	288
6.72627E14	258
6.72534E14	282
6.72442E14	518
6.72349E14	414
6.72257E14	413
6.72165E14	336
6.72072E14	246
6.7198E14	248
6.71888E14	322
6.71795E14	410
6.71703E14	370
6.71611E14	398
6.71519E14	352
6.71427E14	291
6.71334E14	412
6.71242E14	686
6.7115E14	463
6.71058E14	332
6.70966E14	333
6.70874E14	222
6.70782E14	394
6.7069E14	607
6.70598E14	438
6.70506E14	404
6.70414E14	349
6.70322E14	325
6.70231E14	406
6.70139E14	361
6.70047E14	559
6.69955E14	285
6.69863E14	367
6.69772E14	300
6.6968E14	299
6.69588E14	319
6.69497E14	553
6.69405E14	460
6.69313E14	302
6.69222E14	391
6.6913E14	353
6.69039E14	307
6.68947E14	341
6.68856E14	466
6.68764E14	360
6.68673E14	293
6.68582E14	310
6.6849E14	292
6.68399E14	401
6.68308E14	469
6.68216E14	448
6.68125E14	304
6.68034E14	364
6.67943E14	246
6.67851E14	358
6.6776E14	569
6.67669E14	466
6.67578E14	290
6.67487E14	338
6.67396E14	307
6.67305E14	258
6.67214E14	330
6.67123E14	552
6.67032E14	412
6.66941E14	352
6.6685E14	374
6.66759E14	239
6.66668E14	355
6.66577E14	650
6.66486E14	428
6.66396E14	420
6.66305E14	366
6.66214E14	257
6.66123E14	224
6.66033E14	398
6.65942E14	629
6.65851E14	483
6.65761E14	326
6.6567E14	324
6.6558E14	269
6.65489E14	308
6.65398E14	636
6.65308E14	466
6.65217E14	341
6.65127E14	397
6.65037E14	181
6.64946E14	458
6.64856E14	537
6.64765E14	377
6.64675E14	345
6.64585E14	381
6.64495E14	333
6.64404E14	201
6.64314E14	315
6.64224E14	519
6.64134E14	504
6.64044E14	360
6.63953E14	345
6.63863E14	444
6.63773E14	353
6.63683E14	501
6.63593E14	530
6.63503E14	375
6.63413E14	369
6.63323E14	382
6.63233E14	301
6.63143E14	396
6.63053E14	581
6.62964E14	483
6.62874E14	355
6.62784E14	312
6.62694E14	256
6.62604E14	358
6.62515E14	549
6.62425E14	476
6.62335E14	457
6.62246E14	397
6.62156E14	283
6.62066E14	452
6.61977E14	574
6.61887E14	421
6.61798E14	364
6.61708E14	336
6.61618E14	405
6.61529E14	368
6.6144E14	371
6.6135E14	615
6.61261E14	578
6.61171E14	342
6.61082E14	311
6.60993E14	209
6.60903E14	382
6.60814E14	468
6.60725E14	334
6.60636E14	374
6.60546E14	399
6.60457E14	273
6.60368E14	277
6.60279E14	320
6.6019E14	516
6.60101E14	384
6.60012E14	317
6.59923E14	393
6.59834E14	240
6.59745E14	363
6.59656E14	658
6.59567E14	474
6.59478E14	418
6.59389E14	331
6.593E14	199
6.59211E14	405
6.59122E14	494
6.59033E14	433
6.58945E14	356
6.58856E14	370
6.58767E14	310
6.58678E14	285
6.5859E14	335
6.58501E14	587
6.58413E14	402
6.58324E14	318
6.58235E14	409
6.58147E14	358
6.58058E14	390
6.5797E14	317
6.57881E14	253
6.57793E14	271
6.57704E14	346
6.57616E14	389
6.57527E14	295
6.57439E14	417
6.57351E14	489
6.57262E14	319
6.57174E14	410
6.57086E14	325
6.56998E14	283
6.56909E14	406
6.56821E14	530
6.56733E14	372
6.56645E14	416
6.56557E14	296
6.56469E14	220
6.5638E14	267
6.56292E14	595
6.56204E14	480
6.56116E14	489
6.56028E14	401
6.5594E14	403
6.55852E14	333
6.55765E14	366
6.55677E14	459
6.55589E14	457
6.55501E14	350
6.55413E14	354
6.55325E14	279
6.55237E14	329
6.5515E14	618
6.55062E14	584
6.54974E14	395
6.54887E14	381
6.54799E14	335
6.54711E14	362
6.54624E14	355
6.54536E14	454
6.54448E14	501
6.54361E14	507
6.54273E14	320
6.54186E14	225
6.54098E14	256
6.54011E14	507
6.53924E14	427
6.53836E14	426
6.53749E14	406
6.53661E14	238
6.53574E14	316
6.53487E14	575
6.53399E14	493
6.53312E14	436
6.53225E14	438
6.53138E14	359
6.53051E14	416
6.52963E14	346
6.52876E14	520
6.52789E14	410
6.52702E14	363
6.52615E14	367
6.52528E14	287
6.52441E14	317
6.52354E14	534
6.52267E14	487
6.5218E14	335
6.52093E14	559
6.52006E14	360
6.51919E14	214
6.51832E14	269
6.51745E14	591
6.51659E14	505
6.51572E14	342
6.51485E14	374
6.51398E14	287
6.51311E14	295
6.51225E14	476
6.51138E14	480
6.51051E14	329
6.50965E14	469
6.50878E14	364
6.50792E14	452
6.50705E14	511
6.50618E14	497
6.50532E14	344
6.50445E14	381
6.50359E14	329
6.50272E14	241
6.50186E14	377
6.501E14	552
6.50013E14	500
6.49927E14	381
6.49841E14	298
6.49754E14	300
6.49668E14	347
6.49582E14	497
6.49495E14	467
6.49409E14	508
6.49323E14	405
6.49237E14	326
6.49151E14	289
6.49064E14	449
6.48978E14	543
6.48892E14	586
6.48806E14	395
6.4872E14	308
6.48634E14	312
6.48548E14	356
6.48462E14	599
6.48376E14	613
6.4829E14	524
6.48204E14	463
6.48118E14	437
6.48033E14	388
6.47947E14	477
6.47861E14	361
6.47775E14	381
6.47689E14	264
6.47604E14	324
6.47518E14	296
6.47432E14	400
6.47347E14	578
6.47261E14	473
6.47175E14	487
6.4709E14	340
6.47004E14	300
6.46918E14	275
6.46833E14	526
6.46747E14	395
6.46662E14	378
6.46576E14	505
6.46491E14	329
6.46406E14	337
6.4632E14	322
6.46235E14	642
6.46149E14	475
6.46064E14	438
6.45979E14	320
6.45893E14	227
6.45808E14	495
6.45723E14	602
6.45638E14	518
6.45552E14	452
6.45467E14	423
6.45382E14	363
6.45297E14	408
6.45212E14	573
6.45127E14	628
6.45042E14	385
6.44957E14	273
6.44872E14	331
6.44787E14	286
6.44702E14	411
6.44617E14	563
6.44532E14	390
6.44447E14	357
6.44362E14	269
6.44277E14	328
6.44192E14	355
6.44107E14	606
6.44023E14	379
6.43938E14	452
6.43853E14	371
6.43768E14	358
6.43684E14	313
6.43599E14	386
6.43514E14	521
6.4343E14	424
6.43345E14	434
6.4326E14	387
6.43176E14	308
6.43091E14	383
6.43007E14	576
6.42922E14	422
6.42838E14	356
6.42753E14	382
6.42669E14	235
6.42584E14	285
6.425E14	600
6.42416E14	591
6.42331E14	456
6.42247E14	396
6.42163E14	330
6.42078E14	260
6.41994E14	376
6.4191E14	563
6.41826E14	467
6.41741E14	414
6.41657E14	332
6.41573E14	334
6.41489E14	425
6.41405E14	596
6.41321E14	454
6.41237E14	482
6.41153E14	482
6.41068E14	404
6.40984E14	375
6.409E14	307
6.40817E14	521
6.40733E14	595
6.40649E14	415
6.40565E14	327
6.40481E14	259
6.40397E14	383
6.40313E14	590
6.40229E14	455
6.40146E14	473
6.40062E14	385
6.39978E14	236
6.39894E14	358
6.39811E14	599
6.39727E14	456
6.39643E14	342
6.3956E14	366
6.39476E14	326
6.39393E14	382
6.39309E14	415
6.39225E14	578
6.39142E14	560
6.39058E14	448
6.38975E14	301
6.38891E14	311
6.38808E14	327
6.38725E14	475
6.38641E14	451
6.38558E14	416
6.38475E14	453
6.38391E14	400
6.38308E14	271
6.38225E14	319
6.38141E14	552
6.38058E14	478
6.37975E14	414
6.37892E14	317
6.37809E14	188
6.37725E14	331
6.37642E14	651
6.37559E14	509
6.37476E14	382
6.37393E14	294
6.3731E14	239
6.37227E14	351
6.37144E14	551
6.37061E14	484
6.36978E14	383
6.36895E14	345
6.36812E14	486
6.36729E14	321
6.36646E14	396
6.36564E14	605
6.36481E14	440
6.36398E14	372
6.36315E14	351
6.36232E14	249
6.3615E14	341
6.36067E14	462
6.35984E14	393
6.35901E14	365
6.35819E14	433
6.35736E14	326
6.35654E14	323
6.35571E14	332
6.35488E14	473
6.35406E14	475
6.35323E14	339
6.35241E14	367
6.35158E14	276
6.35076E14	482
6.34993E14	676
6.34911E14	490
6.34829E14	364
6.34746E14	279
6.34664E14	270
6.34582E14	355
6.34499E14	567
6.34417E14	455
6.34335E14	442
6.34252E14	481
6.3417E14	308
6.34088E14	315
6.34006E14	458
6.33924E14	728
6.33842E14	616
6.33759E14	460
6.33677E14	414
6.33595E14	367
6.33513E14	315
6.33431E14	580
6.33349E14	476
6.33267E14	425
6.33185E14	353
6.33103E14	307
6.33021E14	308
6.32939E14	683
6.32857E14	714
6.32776E14	478
6.32694E14	311
6.32612E14	334
6.3253E14	367
6.32448E14	405
6.32367E14	615
6.32285E14	487
6.32203E14	518
6.32121E14	481
6.3204E14	285
6.31958E14	337
6.31876E14	519
6.31795E14	454
6.31713E14	355
6.31632E14	411
6.3155E14	339
6.31469E14	400
6.31387E14	451
6.31306E14	479
6.31224E14	416
6.31143E14	394
6.31061E14	401
6.3098E14	424
6.30898E14	370
6.30817E14	847
6.30736E14	583
6.30654E14	457
6.30573E14	426
6.30492E14	442
6.30411E14	334
6.30329E14	372
6.30248E14	536
6.30167E14	426
6.30086E14	492
6.30005E14	354
6.29924E14	292
6.29842E14	354
6.29761E14	558
6.2968E14	490
6.29599E14	370
6.29518E14	378
6.29437E14	212
6.29356E14	368
6.29275E14	542
6.29194E14	506
6.29113E14	413
6.29032E14	398
6.28952E14	363
6.28871E14	325
6.2879E14	337
6.28709E14	550
6.28628E14	316
6.28548E14	318
6.28467E14	350
6.28386E14	342
6.28305E14	318
6.28225E14	461
6.28144E14	314
6.28063E14	269
6.27983E14	276
6.27902E14	314
6.27821E14	360
6.27741E14	483
6.2766E14	433
6.2758E14	358
6.27499E14	233
6.27419E14	338
6.27338E14	428
6.27258E14	346
6.27177E14	370
6.27097E14	414
6.27017E14	386
6.26936E14	283
6.26856E14	250
6.26776E14	398
6.26695E14	442
6.26615E14	376
6.26535E14	312
6.26455E14	292
6.26374E14	290
6.26294E14	419
6.26214E14	330
6.26134E14	475
6.26054E14	366
6.25974E14	284
6.25893E14	318
6.25813E14	400
6.25733E14	322
6.25653E14	374
6.25573E14	414
6.25493E14	352
6.25413E14	274
6.25333E14	339
6.25253E14	438
6.25174E14	396
6.25094E14	403
6.25014E14	332
6.24934E14	275
6.24854E14	365
6.24774E14	444
6.24695E14	368
6.24615E14	396
6.24535E14	354
6.24455E14	246
6.24376E14	161
6.24296E14	243
6.24216E14	448
6.24137E14	300
6.24057E14	219
6.23977E14	218
6.23898E14	116
6.23818E14	192
6.23739E14	519
6.23659E14	363
6.2358E14	355
6.235E14	285
6.23421E14	90
6.23341E14	164
6.23262E14	528
6.23182E14	301
6.23103E14	187
6.23024E14	194
6.22944E14	227
6.22865E14	135
6.22786E14	208
6.22706E14	524
6.22627E14	360
6.22548E14	267
6.22469E14	284
6.22389E14	143
6.2231E14	146
6.22231E14	388
6.22152E14	258
6.22073E14	193
6.21994E14	204
6.21915E14	227
6.21836E14	132
6.21757E14	360
6.21678E14	478
6.21599E14	305
6.2152E14	283
6.21441E14	217
6.21362E14	110
6.21283E14	203
6.21204E14	387
6.21125E14	292
6.21046E14	315
6.20967E14	193
6.20888E14	108
6.2081E14	298
6.20731E14	413
6.20652E14	396
6.20573E14	299
6.20495E14	267
6.20416E14	162
6.20337E14	134
6.20259E14	166
6.2018E14	446
6.20101E14	342
6.20023E14	238
6.19944E14	266
6.19866E14	95
6.19787E14	247
6.19709E14	476
6.1963E14	374
6.19552E14	254
6.19473E14	239
6.19395E14	169
6.19316E14	102
6.19238E14	228
6.19159E14	407
6.19081E14	213
6.19003E14	201
6.18924E14	181
6.18846E14	188
6.18768E14	198
6.1869E14	445
6.18611E14	269
6.18533E14	291
6.18455E14	342
6.18377E14	257
6.18299E14	230
6.1822E14	417
6.18142E14	305
6.18064E14	184
6.17986E14	213
6.17908E14	213
6.1783E14	146
6.17752E14	264
6.17674E14	446
6.17596E14	514
6.17518E14	283
6.1744E14	248
6.17362E14	128
6.17284E14	196
6.17206E14	385
6.17129E14	334
6.17051E14	343
6.16973E14	282
6.16895E14	136
6.16817E14	151
6.16739E14	184
6.16662E14	396
6.16584E14	375
6.16506E14	246
6.16429E14	255
6.16351E14	169
6.16273E14	150
6.16196E14	458
6.16118E14	420
6.1604E14	230
6.15963E14	236
6.15885E14	169
6.15808E14	289
6.1573E14	484
6.15653E14	344
6.15575E14	339
6.15498E14	361
6.1542E14	239
6.15343E14	149
6.15266E14	260
6.15188E14	482
6.15111E14	350
6.15033E14	209
6.14956E14	176
6.14879E14	140
6.14802E14	255
6.14724E14	599
6.14647E14	306
6.1457E14	238
6.14493E14	256
6.14415E14	238
6.14338E14	199
6.14261E14	271
6.14184E14	529
6.14107E14	347
6.1403E14	238
6.13953E14	268
6.13876E14	123
6.13799E14	232
6.13722E14	430
6.13645E14	355
6.13568E14	193
6.13491E14	324
6.13414E14	150
6.13337E14	250
6.1326E14	589
6.13183E14	371
6.13106E14	204
6.13029E14	201
6.12953E14	244
6.12876E14	197
6.12799E14	244
6.12722E14	576
6.12646E14	288
6.12569E14	320
6.12492E14	292
6.12415E14	182
6.12339E14	285
6.12262E14	646
6.12186E14	330
6.12109E14	262
6.12032E14	247
6.11956E14	207
6.11879E14	261
6.11803E14	303
6.11726E14	550
6.1165E14	399
6.11573E14	396
6.11497E14	268
6.1142E14	113
6.11344E14	264
6.11268E14	354
6.11191E14	323
6.11115E14	260
6.11038E14	281
6.10962E14	159
6.10886E14	272
6.1081E14	386
6.10733E14	322
6.10657E14	235
6.10581E14	336
6.10505E14	238
6.10428E14	180
6.10352E14	261
6.10276E14	459
6.102E14	378
6.10124E14	322
6.10048E14	256
6.09972E14	172
6.09896E14	349
6.0982E14	492
6.09744E14	368
6.09668E14	246
6.09592E14	245
6.09516E14	220
6.0944E14	137
6.09364E14	295
6.09288E14	523
6.09212E14	366
6.09136E14	227
6.0906E14	202
6.08984E14	126
6.08909E14	269
6.08833E14	446
6.08757E14	446
6.08681E14	324
6.08606E14	285
6.0853E14	167
6.08454E14	184
6.08379E14	512
6.08303E14	333
6.08227E14	242
6.08152E14	285
6.08076E14	260
6.08E14	156
6.07925E14	286
6.07849E14	483
6.07774E14	329
6.07698E14	344
6.07623E14	306
6.07547E14	130
6.07472E14	231
6.07396E14	515
6.07321E14	458
6.07246E14	253
6.0717E14	410
6.07095E14	292
6.0702E14	161
6.06944E14	191
6.06869E14	459
6.06794E14	425
6.06718E14	260
6.06643E14	213
6.06568E14	153
6.06493E14	469
6.06418E14	562
6.06342E14	317
6.06267E14	329
6.06192E14	287
6.06117E14	187
6.06042E14	218
6.05967E14	594
6.05892E14	311
6.05817E14	267
6.05742E14	368
6.05667E14	263
6.05592E14	182
6.05517E14	323
6.05442E14	592
6.05367E14	430
6.05292E14	326
6.05217E14	282
6.05142E14	224
6.05067E14	209
6.04993E14	420
6.04918E14	335
6.04843E14	315
6.04768E14	295
6.04693E14	243
6.04619E14	179
6.04544E14	415
6.04469E14	495
6.04395E14	320
6.0432E14	333
6.04245E14	238
6.04171E14	220
6.04096E14	282
6.04021E14	378
6.03947E14	257
6.03872E14	183
6.03798E14	270
6.03723E14	179
6.03649E14	237
6.03574E14	485
6.035E14	432
6.03425E14	301
6.03351E14	281
6.03276E14	203
6.03202E14	232
6.03128E14	314
6.03053E14	481
6.02979E14	515
6.02905E14	343
6.0283E14	259
6.02756E14	148
6.02682E14	224
6.02608E14	423
6.02533E14	352
6.02459E14	226
6.02385E14	251
6.02311E14	291
6.02237E14	194
6.02162E14	265
6.02088E14	625
6.02014E14	395
6.0194E14	383
6.01866E14	252
6.01792E14	127
6.01718E14	334
6.01644E14	436
6.0157E14	362
6.01496E14	227
6.01422E14	279
6.01348E14	225
6.01274E14	358
6.012E14	558
6.01126E14	371
6.01053E14	384
6.00979E14	411
6.00905E14	278
6.00831E14	195
6.00757E14	249
6.00684E14	419
6.0061E14	318
6.00536E14	287
6.00462E14	198
6.00389E14	147
6.00315E14	280
6.00241E14	423
6.00168E14	336
6.00094E14	478
6.0002E14	517
5.99947E14	297
5.99873E14	171
5.998E14	293
5.99726E14	566
5.99653E14	510
5.99579E14	379
5.99506E14	258
5.99432E14	192
5.99359E14	270
5.99285E14	594
5.99212E14	389
5.99138E14	282
5.99065E14	298
5.98992E14	193
5.98918E14	326
5.98845E14	495
5.98772E14	320
5.98699E14	291
5.98625E14	326
5.98552E14	247
5.98479E14	189
5.98406E14	302
5.98332E14	527
5.98259E14	246
5.98186E14	293
5.98113E14	338
5.9804E14	205
5.97967E14	256
5.97894E14	496
5.9782E14	327
5.97747E14	340
5.97674E14	321
5.97601E14	152
5.97528E14	208
5.97455E14	424
5.97382E14	532
5.97309E14	361
5.97237E14	319
5.97164E14	290
5.97091E14	155
5.97018E14	246
5.96945E14	563
5.96872E14	408
5.96799E14	251
5.96727E14	320
5.96654E14	231
5.96581E14	229
5.96508E14	260
5.96436E14	170
5.96363E14	277
5.9629E14	248
5.96217E14	357
5.96145E14	185
5.96072E14	328
5.95999E14	415
5.95927E14	237
5.95854E14	280
5.95782E14	287
5.95709E14	230
5.95637E14	283
5.95564E14	474
5.95492E14	419
5.95419E14	469
5.95347E14	305
5.95274E14	389
5.95202E14	231
5.95129E14	266
5.95057E14	479
5.94985E14	312
5.94912E14	277
5.9484E14	164
5.94768E14	197
5.94695E14	267
5.94623E14	504
5.94551E14	410
5.94478E14	311
5.94406E14	362
5.94334E14	129
5.94262E14	264
5.9419E14	519
5.94117E14	345
5.94045E14	224
5.93973E14	184
5.93901E14	222
5.93829E14	121
5.93757E14	327
5.93685E14	459
5.93613E14	429
5.93541E14	294
5.93469E14	231
5.93397E14	108
5.93325E14	274
5.93253E14	529
5.93181E14	338
5.93109E14	382
5.93037E14	337
5.92965E14	255
5.92893E14	247
5.92821E14	295
5.92749E14	554
5.92678E14	351
5.92606E14	411
5.92534E14	336
5.92462E14	179
5.92391E14	248
5.92319E14	557
5.92247E14	339
5.92175E14	293
5.92104E14	351
5.92032E14	200
5.9196E14	306
5.91889E14	496
5.91817E14	323
5.91746E14	270
5.91674E14	285
5.91602E14	191
5.91531E14	207
5.91459E14	348
5.91388E14	524
5.91316E14	284
5.91245E14	310
5.91173E14	309
5.91102E14	234
5.91031E14	257
5.90959E14	475
5.90888E14	463
5.90816E14	289
5.90745E14	328
5.90674E14	253
5.90602E14	246
5.90531E14	250
5.9046E14	406
5.90389E14	383
5.90317E14	347
5.90246E14	300
5.90175E14	185
5.90104E14	280
5.90033E14	581
5.89961E14	461
5.8989E14	436
5.89819E14	505
5.89748E14	253
5.89677E14	231
5.89606E14	633
5.89535E14	329
5.89464E14	201
5.89393E14	272
5.89322E14	370
5.89251E14	218
5.8918E14	254
5.89109E14	553
5.89038E14	239
5.88967E14	341
5.88896E14	360
5.88825E14	164
5.88754E14	281
5.88683E14	515
5.88613E14	413
5.88542E14	329
5.88471E14	293
5.884E14	249
5.88329E14	307
5.88259E14	345
5.88188E14	475
5.88117E14	377
5.88046E14	306
5.87976E14	294
5.87905E14	159
5.87834E14	207
5.87764E14	431
5.87693E14	325
5.87623E14	255
5.87552E14	307
5.87481E14	130
5.87411E14	169
5.8734E14	405
5.8727E14	337
5.87199E14	421
5.87129E14	245
5.87058E14	228
5.86988E14	192
5.86918E14	267
5.86847E14	718
5.86777E14	399
5.86706E14	358
5.86636E14	247
5.86566E14	188
5.86495E14	234
5.86425E14	507
5.86355E14	387
5.86284E14	419
5.86214E14	304
5.86144E14	334
5.86074E14	197
5.86003E14	314
5.85933E14	435
5.85863E14	344
5.85793E14	268
5.85723E14	284
5.85653E14	208
5.85583E14	322
5.85512E14	548
5.85442E14	330
5.85372E14	453
5.85302E14	431
5.85232E14	183
5.85162E14	274
5.85092E14	526
5.85022E14	424
5.84952E14	317
5.84882E14	352
5.84812E14	305
5.84743E14	234
5.84673E14	290
5.84603E14	575
5.84533E14	440
5.84463E14	266
5.84393E14	253
5.84323E14	210
5.84254E14	332
5.84184E14	549
5.84114E14	441
5.84044E14	286
5.83975E14	401
5.83905E14	235
5.83835E14	208
5.83766E14	383
5.83696E14	400
5.83626E14	349
5.83557E14	280
5.83487E14	259
5.83417E14	148
5.83348E14	315
5.83278E14	529
5.83209E14	321
5.83139E14	331
5.8307E14	459
5.83E14	210
5.82931E14	332
5.82861E14	560
5.82792E14	477
5.82722E14	327
5.82653E14	334
5.82584E14	238
5.82514E14	182
5.82445E14	422
5.82376E14	554
5.82306E14	401
5.82237E14	357
5.82168E14	365
5.82098E14	201
5.82029E14	383
5.8196E14	612
5.81891E14	509
5.81821E14	381
5.81752E14	236
5.81683E14	371
5.81614E14	242
5.81545E14	223
5.81476E14	480
5.81406E14	421
5.81337E14	364
5.81268E14	402
5.81199E14	295
5.8113E14	290
5.81061E14	582
5.80992E14	405
5.80923E14	408
5.80854E14	396
5.80785E14	236
5.80716E14	451
5.80647E14	738
5.80578E14	446
5.80509E14	305
5.80441E14	373
5.80372E14	268
5.80303E14	179
5.80234E14	317
5.80165E14	576
5.80096E14	412
5.80028E14	361
5.79959E14	315
5.7989E14	142
5.79821E14	289
5.79753E14	605
5.79684E14	500
5.79615E14	375
5.79547E14	311
5.79478E14	271
5.79409E14	289
5.79341E14	242
5.79272E14	569
5.79203E14	342
5.79135E14	385
5.79066E14	257
5.78998E14	211
5.78929E14	260
5.78861E14	547
5.78792E14	503
5.78724E14	296
5.78655E14	382
5.78587E14	397
5.78518E14	328
5.7845E14	473
5.78382E14	420
5.78313E14	353
5.78245E14	306
5.78177E14	288
5.78108E14	194
5.7804E14	310
5.77972E14	673
5.77903E14	427
5.77835E14	572
5.77767E14	367
5.77699E14	220
5.7763E14	327
5.77562E14	540
5.77494E14	370
5.77426E14	416
5.77358E14	293
5.7729E14	395
5.77221E14	203
5.77153E14	386
5.77085E14	747
5.77017E14	481
5.76949E14	393
5.76881E14	281
5.76813E14	143
5.76745E14	295
5.76677E14	722
5.76609E14	472
5.76541E14	294
5.76473E14	336
5.76405E14	177
5.76337E14	325
5.76269E14	659
5.76201E14	510
5.76134E14	335
5.76066E14	279
5.75998E14	336
5.7593E14	255
5.75862E14	365
5.75795E14	580
5.75727E14	506
5.75659E14	359
5.75591E14	423
5.75524E14	334
5.75456E14	379
5.75388E14	672
5.7532E14	363
5.75253E14	390
5.75185E14	410
5.75118E14	331
5.7505E14	293
5.74982E14	455
5.74915E14	645
5.74847E14	464
5.7478E14	455
5.74712E14	318
5.74645E14	194
5.74577E14	381
5.7451E14	513
5.74442E14	458
5.74375E14	780
5.74307E14	507
5.7424E14	204
5.74172E14	251
5.74105E14	509
5.74038E14	380
5.7397E14	421
5.73903E14	476
5.73836E14	380
5.73768E14	197
5.73701E14	425
5.73634E14	539
5.73567E14	398
5.73499E14	365
5.73432E14	364
5.73365E14	221
5.73298E14	322
5.7323E14	613
5.73163E14	559
5.73096E14	390
5.73029E14	458
5.72962E14	339
5.72895E14	170
5.72828E14	322
5.72761E14	422
5.72694E14	547
5.72627E14	415
5.72559E14	379
5.72492E14	180
5.72425E14	516
5.72359E14	692
5.72292E14	574
5.72225E14	482
5.72158E14	384
5.72091E14	221
5.72024E14	330
5.71957E14	673
5.7189E14	454
5.71823E14	430
5.71756E14	294
5.7169E14	448
5.71623E14	351
5.71556E14	375
5.71489E14	551
5.71422E14	493
5.71356E14	380
5.71289E14	331
5.71222E14	180
5.71156E14	347
5.71089E14	606
5.71022E14	555
5.70956E14	449
5.70889E14	414
5.70822E14	393
5.70756E14	364
5.70689E14	380
5.70623E14	755
5.70556E14	411
5.70489E14	383
5.70423E14	254
5.70356E14	204
5.7029E14	303
5.70223E14	565
5.70157E14	360
5.70091E14	611
5.70024E14	499
5.69958E14	259
5.69891E14	290
5.69825E14	519
5.69758E14	551
5.69692E14	401
5.69626E14	399
5.69559E14	411
5.69493E14	213
5.69427E14	361
5.69361E14	639
5.69294E14	508
5.69228E14	443
5.69162E14	432
5.69096E14	255
5.69029E14	336
5.68963E14	593
5.68897E14	606
5.68831E14	484
5.68765E14	426
5.68699E14	303
5.68633E14	202
5.68566E14	267
5.685E14	538
5.68434E14	466
5.68368E14	426
5.68302E14	380
5.68236E14	383
5.6817E14	328
5.68104E14	297
5.68038E14	360
5.67972E14	292
5.67906E14	414
5.6784E14	328
5.67775E14	412
5.67709E14	561
5.67643E14	341
5.67577E14	324
5.67511E14	426
5.67445E14	353
5.67379E14	242
5.67314E14	819
5.67248E14	630
5.67182E14	501
5.67116E14	445
5.6705E14	348
5.66985E14	268
5.66919E14	474
5.66853E14	616
5.66788E14	503
5.66722E14	345
5.66656E14	396
5.66591E14	429
5.66525E14	286
5.6646E14	506
5.66394E14	568
5.66328E14	515
5.66263E14	405
5.66197E14	362
5.66132E14	234
5.66066E14	312
5.66001E14	613
5.65935E14	399
5.6587E14	329
5.65804E14	478
5.65739E14	299
5.65673E14	339
5.65608E14	700
5.65543E14	529
5.65477E14	429
5.65412E14	457
5.65347E14	250
5.65281E14	272
5.65216E14	392
5.65151E14	543
5.65085E14	419
5.6502E14	369
5.64955E14	435
5.6489E14	203
5.64824E14	376
5.64759E14	550
5.64694E14	504
5.64629E14	426
5.64564E14	336
5.64498E14	223
5.64433E14	231
5.64368E14	450
5.64303E14	655
5.64238E14	501
5.64173E14	388
5.64108E14	355
5.64043E14	259
5.63978E14	444
5.63913E14	651
5.63848E14	547
5.63783E14	408
5.63718E14	381
5.63653E14	275
5.63588E14	341
5.63523E14	612
5.63458E14	570
5.63393E14	445
5.63328E14	389
5.63263E14	327
5.63198E14	266
5.63134E14	365
5.63069E14	764
5.63004E14	513
5.62939E14	400
5.62874E14	458
5.6281E14	314
5.62745E14	403
5.6268E14	718
5.62615E14	443
5.62551E14	304
5.62486E14	357
5.62421E14	374
5.62357E14	223
5.62292E14	396
5.62227E14	652
5.62163E14	466
5.62098E14	490
5.62034E14	355
5.61969E14	204
5.61905E14	303
5.6184E14	634
5.61776E14	457
5.61711E14	408
5.61647E14	398
5.61582E14	215
5.61518E14	379
5.61453E14	658
5.61389E14	514
5.61324E14	430
5.6126E14	506
5.61195E14	353
5.61131E14	257
5.61067E14	329
5.61002E14	633
5.60938E14	562
5.60874E14	439
5.60809E14	509
5.60745E14	297
5.60681E14	404
5.60617E14	614
5.60552E14	452
5.60488E14	393
5.60424E14	466
5.6036E14	421
5.60296E14	274
5.60231E14	390
5.60167E14	602
5.60103E14	464
5.60039E14	426
5.59975E14	371
5.59911E14	234
5.59847E14	314
5.59783E14	704
5.59719E14	470
5.59654E14	369
5.5959E14	393
5.59526E14	279
5.59462E14	375
5.59398E14	597
5.59335E14	465
5.59271E14	349
5.59207E14	373
5.59143E14	318
5.59079E14	302
5.59015E14	353
5.58951E14	666
5.58887E14	487
5.58823E14	544
5.58759E14	469
5.58696E14	274
5.58632E14	362
5.58568E14	646
5.58504E14	406
5.58441E14	556
5.58377E14	533
5.58313E14	396
5.58249E14	231
5.58186E14	327
5.58122E14	784
5.58058E14	562
5.57995E14	513
5.57931E14	446
5.57867E14	282
5.57804E14	456
5.5774E14	625
5.57677E14	477
5.57613E14	398
5.57549E14	459
5.57486E14	292
5.57422E14	355
5.57359E14	709
5.57295E14	649
5.57232E14	847
5.57168E14	606
5.57105E14	366
5.57041E14	235
5.56978E14	348
5.56915E14	767
5.56851E14	499
5.56788E14	523
5.56724E14	456
5.56661E14	386
5.56598E14	505
5.56534E14	774
5.56471E14	475
5.56408E14	432
5.56345E14	352
5.56281E14	478
5.56218E14	388
5.56155E14	415
5.56092E14	581
5.56028E14	476
5.55965E14	452
5.55902E14	504
5.55839E14	277
5.55776E14	390
5.55713E14	564
5.55649E14	531
5.55586E14	1276
5.55523E14	645
5.5546E14	223
5.55397E14	400
5.55334E14	692
5.55271E14	529
5.55208E14	486
5.55145E14	426
5.55082E14	450
5.55019E14	348
5.54956E14	450
5.54893E14	778
5.5483E14	484
5.54767E14	451
5.54704E14	442
5.54641E14	284
5.54578E14	393
5.54516E14	660
5.54453E14	515
5.5439E14	435
5.54327E14	429
5.54264E14	467
5.54201E14	305
5.54139E14	430
5.54076E14	698
5.54013E14	436
5.5395E14	518
5.53888E14	458
5.53825E14	338
5.53762E14	428
5.537E14	704
5.53637E14	467
5.53574E14	430
5.53512E14	480
5.53449E14	268
5.53386E14	442
5.53324E14	781
5.53261E14	606
5.53199E14	505
5.53136E14	424
5.53074E14	417
5.53011E14	316
5.52948E14	438
5.52886E14	757
5.52824E14	496
5.52761E14	544
5.52699E14	469
5.52636E14	324
5.52574E14	461
5.52511E14	731
5.52449E14	558
5.52387E14	500
5.52324E14	447
5.52262E14	385
5.52199E14	327
5.52137E14	382
5.52075E14	610
5.52012E14	624
5.5195E14	530
5.51888E14	424
5.51826E14	310
5.51763E14	407
5.51701E14	691
5.51639E14	602
5.51577E14	574
5.51515E14	536
5.51452E14	312
5.5139E14	388
5.51328E14	688
5.51266E14	474
5.51204E14	500
5.51142E14	610
5.5108E14	350
5.51018E14	241
5.50956E14	471
5.50893E14	868
5.50831E14	623
5.50769E14	496
5.50707E14	465
5.50645E14	302
5.50583E14	548
5.50521E14	781
5.5046E14	477
5.50398E14	425
5.50336E14	504
5.50274E14	392
5.50212E14	339
5.5015E14	400
5.50088E14	653
5.50026E14	617
5.49964E14	484
5.49903E14	400
5.49841E14	324
5.49779E14	418
5.49717E14	883
5.49655E14	560
5.49594E14	558
5.49532E14	555
5.4947E14	275
5.49408E14	506
5.49347E14	891
5.49285E14	566
5.49223E14	462
5.49162E14	504
5.491E14	417
5.49038E14	297
5.48977E14	537
5.48915E14	701
5.48854E14	480
5.48792E14	445
5.48731E14	450
5.48669E14	254
5.48607E14	418
5.48546E14	681
5.48484E14	574
5.48423E14	490
5.48361E14	475
5.483E14	432
5.48239E14	318
5.48177E14	470
5.48116E14	615
5.48054E14	522
5.47993E14	471
5.47931E14	356
5.4787E14	378
5.47809E14	429
5.47747E14	801
5.47686E14	640
5.47625E14	511
5.47563E14	493
5.47502E14	363
5.47441E14	587
5.4738E14	668
5.47318E14	445
5.47257E14	418
5.47196E14	444
5.47135E14	396
5.47074E14	380
5.47012E14	406
5.46951E14	765
5.4689E14	595
5.46829E14	464
5.46768E14	472
5.46707E14	244
5.46646E14	510
5.46584E14	747
5.46523E14	508
5.46462E14	590
5.46401E14	556
5.4634E14	422
5.46279E14	319
5.46218E14	594
5.46157E14	691
5.46096E14	507
5.46035E14	439
5.45974E14	341
5.45913E14	333
5.45853E14	473
5.45792E14	650
5.45731E14	579
5.4567E14	629
5.45609E14	605
5.45548E14	487
5.45487E14	511
5.45427E14	710
5.45366E14	547
5.45305E14	547
5.45244E14	585
5.45183E14	666
5.45123E14	380
5.45062E14	527
5.45001E14	772
5.4494E14	626
5.4488E14	485
5.44819E14	443
5.44758E14	332
5.44698E14	391
5.44637E14	591
5.44576E14	626
5.44516E14	591
5.44455E14	559
5.44395E14	539
5.44334E14	342
5.44273E14	457
5.44213E14	661
5.44152E14	511
5.44092E14	508
5.44031E14	388
5.43971E14	296
5.4391E14	508
5.4385E14	771
5.43789E14	544
5.43729E14	506
5.43669E14	548
5.43608E14	259
5.43548E14	414
5.43487E14	817
5.43427E14	632
5.43367E14	519
5.43306E14	526
5.43246E14	562
5.43186E14	392
5.43125E14	504
5.43065E14	3918
5.43005E14	1954
5.42944E14	474
5.42884E14	445
5.42824E14	314
5.42764E14	516
5.42703E14	797
5.42643E14	625
5.42583E14	529
5.42523E14	453
5.42463E14	600
5.42403E14	487
5.42342E14	398
5.42282E14	513
5.42222E14	547
5.42162E14	638
5.42102E14	383
5.42042E14	355
5.41982E14	493
5.41922E14	687
5.41862E14	830
5.41802E14	640
5.41742E14	527
5.41682E14	392
5.41622E14	463
5.41562E14	596
5.41502E14	585
5.41442E14	436
5.41382E14	446
5.41322E14	318
5.41262E14	315
5.41202E14	462
5.41142E14	692
5.41083E14	504
5.41023E14	477
5.40963E14	445
5.40903E14	261
5.40843E14	466
5.40783E14	745
5.40724E14	685
5.40664E14	665
5.40604E14	685
5.40544E14	441
5.40485E14	341
5.40425E14	602
5.40365E14	749
5.40306E14	672
5.40246E14	612
5.40186E14	448
5.40127E14	409
5.40067E14	609
5.40007E14	800
5.39948E14	694
5.39888E14	579
5.39829E14	544
5.39769E14	318
5.39709E14	552
5.3965E14	713
5.3959E14	544
5.39531E14	553
5.39471E14	541
5.39412E14	515
5.39352E14	384
5.39293E14	404
5.39233E14	748
5.39174E14	590
5.39115E14	491
5.39055E14	630
5.38996E14	375
5.38936E14	424
5.38877E14	772
5.38818E14	659
5.38758E14	607
5.38699E14	656
5.3864E14	497
5.3858E14	375
5.38521E14	486
5.38462E14	739
5.38403E14	551
5.38343E14	542
5.38284E14	331
5.38225E14	367
5.38166E14	504
5.38106E14	796
5.38047E14	498
5.37988E14	514
5.37929E14	619
5.3787E14	537
5.37811E14	542
5.37751E14	734
5.37692E14	629
5.37633E14	631
5.37574E14	613
5.37515E14	694
5.37456E14	418
5.37397E14	625
5.37338E14	814
5.37279E14	704
5.3722E14	455
5.37161E14	454
5.37102E14	424
5.37043E14	515
5.36984E14	797
5.36925E14	514
5.36866E14	498
5.36807E14	495
5.36748E14	405
5.36689E14	372
5.36631E14	578
5.36572E14	962
5.36513E14	727
5.36454E14	560
5.36395E14	512
5.36336E14	429
5.36278E14	704
5.36219E14	778
5.3616E14	741
5.36101E14	616
5.36043E14	556
5.35984E14	378
5.35925E14	563
5.35866E14	792
5.35808E14	658
5.35749E14	637
5.3569E14	602
5.35632E14	661
5.35573E14	410
5.35514E14	562
5.35456E14	813
5.35397E14	659
5.35339E14	698
5.3528E14	541
5.35221E14	417
5.35163E14	563
5.35104E14	810
5.35046E14	662
5.34987E14	609
5.34929E14	577
5.3487E14	542
5.34812E14	472
5.34753E14	554
5.34695E14	785
5.34636E14	704
5.34578E14	585
5.3452E14	491
5.34461E14	403
5.34403E14	592
5.34344E14	916
5.34286E14	601
5.34228E14	607
5.34169E14	614
5.34111E14	340
5.34053E14	476
5.33994E14	894
5.33936E14	557
5.33878E14	531
5.3382E14	648
5.33761E14	485
5.33703E14	493
5.33645E14	616
5.33587E14	724
5.33528E14	622
5.3347E14	636
5.33412E14	553
5.33354E14	420
5.33296E14	590
5.33238E14	823
5.3318E14	589
5.33121E14	529
5.33063E14	619
5.33005E14	511
5.32947E14	588
5.32889E14	702
5.32831E14	777
5.32773E14	737
5.32715E14	623
5.32657E14	614
5.32599E14	391
5.32541E14	520
5.32483E14	758
5.32425E14	704
5.32367E14	664
5.32309E14	598
5.32251E14	388
5.32193E14	2554
5.32135E14	1075
5.32078E14	601
5.3202E14	592
5.31962E14	631
5.31904E14	574
5.31846E14	289
5.31788E14	705
5.31731E14	827
5.31673E14	714
5.31615E14	751
5.31557E14	630
5.31499E14	478
5.31442E14	525
5.31384E14	786
5.31326E14	676
5.31269E14	628
5.31211E14	719
5.31153E14	597
5.31096E14	383
5.31038E14	576
5.3098E14	820
5.30923E14	732
5.30865E14	691
5.30807E14	498
5.3075E14	470
5.30692E14	484
5.30635E14	1056
5.30577E14	696
5.3052E14	648
5.30462E14	634
5.30404E14	470
5.30347E14	650
5.30289E14	876
5.30232E14	696
5.30175E14	638
5.30117E14	742
5.3006E14	642
5.30002E14	471
5.29945E14	729
5.29887E14	954
5.2983E14	767
5.29773E14	637
5.29715E14	559
5.29658E14	368
5.29601E14	627
5.29543E14	877
5.29486E14	728
5.29429E14	698
5.29371E14	565
5.29314E14	558
5.29257E14	501
5.29199E14	606
5.29142E14	797
5.29085E14	630
5.29028E14	578
5.28971E14	588
5.28913E14	576
5.28856E14	653
5.28799E14	935
5.28742E14	749
5.28685E14	641
5.28628E14	726
5.2857E14	492
5.28513E14	598
5.28456E14	873
5.28399E14	809
5.28342E14	679
5.28285E14	734
5.28228E14	750
5.28171E14	527
5.28114E14	597
5.28057E14	1067
5.28E14	779
5.27943E14	701
5.27886E14	628
5.27829E14	500
5.27772E14	659
5.27715E14	969
5.27658E14	689
5.27601E14	708
5.27544E14	679
5.27487E14	595
5.27431E14	500
5.27374E14	653
5.27317E14	988
5.2726E14	708
5.27203E14	788
5.27146E14	634
5.2709E14	506
5.27033E14	679
5.26976E14	1004
5.26919E14	665
5.26862E14	763
5.26806E14	765
5.26749E14	498
5.26692E14	674
5.26636E14	921
5.26579E14	882
5.26522E14	798
5.26466E14	636
5.26409E14	522
5.26352E14	493
5.26296E14	626
5.26239E14	999
5.26182E14	781
5.26126E14	785
5.26069E14	711
5.26013E14	523
5.25956E14	679
5.259E14	949
5.25843E14	701
5.25786E14	716
5.2573E14	796
5.25673E14	680
5.25617E14	599
5.25561E14	671
5.25504E14	971
5.25448E14	906
5.25391E14	855
5.25335E14	697
5.25278E14	595
5.25222E14	677
5.25166E14	946
5.25109E14	778
5.25053E14	700
5.24996E14	685
5.2494E14	520
5.24884E14	671
5.24827E14	1075
5.24771E14	905
5.24715E14	606
5.24659E14	787
5.24602E14	717
5.24546E14	526
5.2449E14	817
5.24434E14	1069
5.24377E14	843
5.24321E14	830
5.24265E14	788
5.24209E14	503
5.24153E14	729
5.24096E14	908
5.2404E14	813
5.23984E14	861
5.23928E14	823
5.23872E14	744
5.23816E14	538
5.2376E14	942
5.23704E14	1044
5.23648E14	854
5.23592E14	907
5.23536E14	758
5.23479E14	606
5.23423E14	779
5.23367E14	992
5.23311E14	784
5.23256E14	874
5.232E14	850
5.23144E14	619
5.23088E14	703
5.23032E14	1244
5.22976E14	906
5.2292E14	852
5.22864E14	788
5.22808E14	718
5.22752E14	654
5.22696E14	815
5.22641E14	1245
5.22585E14	837
5.22529E14	845
5.22473E14	873
5.22417E14	605
5.22361E14	871
5.22306E14	1142
5.2225E14	989
5.22194E14	1001
5.22138E14	969
5.22083E14	1026
5.22027E14	755
5.21971E14	751
5.21916E14	1213
5.2186E14	1281
5.21804E14	951
5.21749E14	934
5.21693E14	750
5.21637E14	802
5.21582E14	1122
5.21526E14	896
5.2147E14	847
5.21415E14	1021
5.21359E14	796
5.21304E14	811
5.21248E14	1243
5.21193E14	972
5.21137E14	902
5.21082E14	883
5.21026E14	872
5.20971E14	697
5.20915E14	986
5.2086E14	1141
5.20804E14	973
5.20749E14	865
5.20693E14	808
5.20638E14	570
5.20583E14	881
5.20527E14	1266
5.20472E14	1023
5.20416E14	957
5.20361E14	963
5.20306E14	776
5.2025E14	785
5.20195E14	998
5.2014E14	1292
5.20084E14	1075
5.20029E14	978
5.19974E14	830
5.19919E14	694
5.19863E14	1044
5.19808E14	1228
5.19753E14	1113
5.19698E14	1025
5.19642E14	1050
5.19587E14	1058
5.19532E14	1060
5.19477E14	1463
5.19422E14	1153
5.19367E14	1062
5.19311E14	1032
5.19256E14	871
5.19201E14	896
5.19146E14	881
5.19091E14	1311
5.19036E14	1086
5.18981E14	1043
5.18926E14	1096
5.18871E14	975
5.18816E14	959
5.18761E14	1259
5.18706E14	1110
5.18651E14	1038
5.18596E14	1014
5.18541E14	922
5.18486E14	874
5.18431E14	1229
5.18376E14	1319
5.18321E14	1106
5.18266E14	1020
5.18211E14	963
5.18156E14	901
5.18101E14	2137
5.18046E14	1599
5.17992E14	1025
5.17937E14	1128
5.17882E14	1162
5.17827E14	844
5.17772E14	1043
5.17717E14	1305
5.17663E14	1250
5.17608E14	1098
5.17553E14	1151
5.17498E14	976
5.17444E14	846
5.17389E14	986
5.17334E14	2400
5.17279E14	1439
5.17225E14	1288
5.1717E14	1054
5.17115E14	949
5.17061E14	1221
5.17006E14	1456
5.16951E14	1195
5.16897E14	1141
5.16842E14	1240
5.16788E14	1158
5.16733E14	936
5.16678E14	1153
5.16624E14	1407
5.16569E14	1173
5.16515E14	1164
5.1646E14	1229
5.16406E14	985
5.16351E14	1090
5.16297E14	1455
5.16242E14	1264
5.16188E14	1199
5.16133E14	1221
5.16079E14	1160
5.16024E14	1225
5.1597E14	1564
5.15916E14	1515
5.15861E14	1313
5.15807E14	1196
5.15752E14	1039
5.15698E14	1023
5.15644E14	1220
5.15589E14	1498
5.15535E14	1428
5.15481E14	1365
5.15426E14	1247
5.15372E14	1040
5.15318E14	1393
5.15263E14	1603
5.15209E14	1531
5.15155E14	1332
5.15101E14	1343
5.15046E14	1264
5.14992E14	1376
5.14938E14	2424
5.14884E14	1766
5.1483E14	1506
5.14775E14	1329
5.14721E14	1357
5.14667E14	1356
5.14613E14	1447
5.14559E14	1802
5.14505E14	1531
5.14451E14	1483
5.14396E14	1422
5.14342E14	1206
5.14288E14	1445
5.14234E14	1716
5.1418E14	1496
5.14126E14	1574
5.14072E14	1425
5.14018E14	1491
5.13964E14	1274
5.1391E14	1498
5.13856E14	1682
5.13802E14	1567
5.13748E14	1454
5.13694E14	1343
5.1364E14	1232
5.13586E14	1365
5.13532E14	1682
5.13478E14	1555
5.13425E14	1600
5.13371E14	1587
5.13317E14	1474
5.13263E14	1540
5.13209E14	1572
5.13155E14	1789
5.13101E14	1634
5.13048E14	1524
5.12994E14	1454
5.1294E14	1437
5.12886E14	1466
5.12832E14	1840
5.12779E14	1637
5.12725E14	1675
5.12671E14	1731
5.12617E14	1305
5.12564E14	1538
5.1251E14	1807
5.12456E14	1722
5.12403E14	1561
5.12349E14	1534
5.12295E14	1580
5.12242E14	1481
5.12188E14	1720
5.12134E14	1752
5.12081E14	1668
5.12027E14	1583
5.11974E14	1580
5.1192E14	1391
5.11867E14	1579
5.11813E14	1711
5.11759E14	1807
5.11706E14	1744
5.11652E14	1755
5.11599E14	1634
5.11545E14	1490
5.11492E14	1632
5.11438E14	2012
5.11385E14	2021
5.11331E14	1862
5.11278E14	1719
5.11225E14	1417
5.11171E14	1715
5.11118E14	2146
5.11064E14	1862
5.11011E14	1867
5.10958E14	1818
5.10904E14	1935
5.10851E14	1762
5.10797E14	2066
5.10744E14	1963
5.10691E14	1917
5.10638E14	1737
5.10584E14	1856
5.10531E14	1609
5.10478E14	1926
5.10424E14	2331
5.10371E14	2039
5.10318E14	1932
5.10265E14	1823
5.10211E14	1804
5.10158E14	1878
5.10105E14	2138
5.10052E14	1899
5.09999E14	2028
5.09945E14	1974
5.09892E14	1856
5.09839E14	1801
5.09786E14	1979
5.09733E14	2335
5.0968E14	2079
5.09627E14	1927
5.09574E14	1969
5.09521E14	1898
5.09467E14	2136
5.09414E14	2367
5.09361E14	2089
5.09308E14	2110
5.09255E14	2051
5.09202E14	1815
5.09149E14	1987
5.09096E14	2429
5.09043E14	2227
5.0899E14	2174
5.08937E14	2036
5.08884E14	1974
5.08832E14	1927
5.08779E14	2113
5.08726E14	2364
5.08673E14	2123
5.0862E14	2192
5.08567E14	2171
5.08514E14	2088
5.08461E14	2321
5.08408E14	2525
5.08356E14	2222
5.08303E14	2493
5.0825E14	2498
5.08197E14	2293
5.08144E14	2186
5.08092E14	2210
5.08039E14	2692
5.07986E14	2488
5.07933E14	2453
5.07881E14	2474
5.07828E14	2083
5.07775E14	2479
5.07722E14	2525
5.0767E14	2496
5.07617E14	2532
5.07564E14	2557
5.07512E14	2296
5.07459E14	2557
5.07406E14	3067
5.07354E14	2662
5.07301E14	2503
5.07249E14	2562
5.07196E14	2359
5.07143E14	2387
5.07091E14	2676
5.07038E14	2721
5.06986E14	2793
5.06933E14	2740
5.06881E14	2620
5.06828E14	2381
5.06776E14	2661
5.06723E14	2990
5.06671E14	2682
5.06618E14	2842
5.06566E14	2821
5.06513E14	2640
5.06461E14	2466
5.06408E14	2688
5.06356E14	3260
5.06304E14	3052
5.06251E14	2923
5.06199E14	2938
5.06146E14	2553
5.06094E14	3034
5.06042E14	3211
5.05989E14	2891
5.05937E14	2982
5.05885E14	2899
5.05832E14	2721
5.0578E14	3015
5.05728E14	3199
5.05675E14	3283
5.05623E14	2970
5.05571E14	3039
5.05519E14	2965
5.05466E14	2755
5.05414E14	3049
5.05362E14	3361
5.0531E14	3143
5.05258E14	3159
5.05205E14	3176
5.05153E14	2912
5.05101E14	3120
5.05049E14	3459
5.04997E14	3241
5.04945E14	3244
5.04893E14	3194
5.0484E14	3304
5.04788E14	3330
5.04736E14	3288
5.04684E14	3531
5.04632E14	3416
5.0458E14	3328
5.04528E14	3229
5.04476E14	3268
5.04424E14	3363
5.04372E14	3595
5.0432E14	3633
5.04268E14	3512
5.04216E14	3405
5.04164E14	3293
5.04112E14	3447
5.0406E14	3909
5.04008E14	3472
5.03956E14	3434
5.03904E14	3670
5.03852E14	3596
5.03801E14	3422
5.03749E14	3931
5.03697E14	4050
5.03645E14	3924
5.03593E14	3652
5.03541E14	3885
5.03489E14	3569
5.03438E14	3989
5.03386E14	4333
5.03334E14	3984
5.03282E14	3914
5.0323E14	3866
5.03179E14	4077
5.03127E14	3876
5.03075E14	4070
5.03023E14	4271
5.02972E14	3981
5.0292E14	4086
5.02868E14	4024
5.02817E14	3932
5.02765E14	4141
5.02713E14	4530
5.02662E14	4287
5.0261E14	4261
5.02558E14	4406
5.02507E14	4230
5.02455E14	4371
5.02403E14	4676
5.02352E14	4517
5.023E14	4332
5.02249E14	4488
5.02197E14	4268
5.02146E14	4350
5.02094E14	4471
5.02042E14	4949
5.01991E14	4688
5.01939E14	4554
5.01888E14	4399
5.01836E14	4597
5.01785E14	4656
5.01733E14	5038
5.01682E14	4671
5.01631E14	4764
5.01579E14	4636
5.01528E14	4605
5.01476E14	4565
5.01425E14	4718
5.01374E14	5034
5.01322E14	4705
5.01271E14	4922
5.01219E14	4759
5.01168E14	4551
5.01117E14	4859
5.01065E14	5208
5.01014E14	4971
5.00963E14	4981
5.00911E14	5408
5.0086E14	4899
5.00809E14	5060
5.00758E14	5345
5.00706E14	5193
5.00655E14	5178
5.00604E14	5263
5.00553E14	5284
5.00501E14	5099
5.0045E14	5609
5.00399E14	5890
5.00348E14	5633
5.00297E14	5384
5.00245E14	5560
5.00194E14	5379
5.00143E14	5671
5.00092E14	6038
5.00041E14	5815
4.9999E14	5703
4.99939E14	5903
4.99888E14	5605
4.99837E14	5721
4.99785E14	5898
4.99734E14	6434
4.99683E14	6136
4.99632E14	6157
4.99581E14	5934
4.9953E14	6088
4.99479E14	4456
4.99428E14	6430
4.99377E14	6890
4.99326E14	6878
4.99275E14	6912
4.99224E14	6982
4.99173E14	7052
4.99123E14	7119
4.99072E14	7095
4.99021E14	7206
4.9897E14	7363
4.98919E14	7152
4.98868E14	7127
4.98817E14	7380
4.98766E14	7399
4.98715E14	7642
4.98665E14	7610
4.98614E14	7580
4.98563E14	7448
4.98512E14	7552
4.98461E14	7892
4.98411E14	7629
4.9836E14	7774
4.98309E14	8014
4.98258E14	7903
4.98207E14	7725
4.98157E14	7944
4.98106E14	7941
4.98055E14	8054
4.98005E14	9274
4.97954E14	8497
4.97903E14	8100
4.97853E14	8183
4.97802E14	8350
4.97751E14	8474
4.97701E14	8578
4.9765E14	9152
4.97599E14	9167
4.97549E14	9100
4.97498E14	9250
4.97447E14	9338
4.97397E14	9580
4.97346E14	9780
4.97296E14	9696
4.97245E14	9619
4.97195E14	9737
4.97144E14	9629
4.97094E14	9866
4.97043E14	10328
4.96993E14	9900
4.96942E14	9909
4.96892E14	10062
4.96841E14	9976
4.96791E14	9848
4.9674E14	10421
4.9669E14	10769
4.96639E14	10691
4.96589E14	10551
4.96539E14	10405
4.96488E14	10244
4.96438E14	10663
4.96387E14	11285
4.96337E14	11027
4.96287E14	11029
4.96236E14	11067
4.96186E14	11340
4.96136E14	11242
4.96085E14	11892
4.96035E14	11455
4.95985E14	11403
4.95934E14	11550
4.95884E14	11582
4.95834E14	11647
4.95784E14	12255
4.95733E14	12658
4.95683E14	11953
4.95633E14	11907
4.95583E14	12123
4.95533E14	11674
4.95482E14	12168
4.95432E14	12808
4.95382E14	12389
4.95332E14	12522
4.95282E14	12624
4.95232E14	12530
4.95181E14	12592
4.95131E14	12323
4.95081E14	13144
4.95031E14	13030
4.94981E14	12922
4.94931E14	12760
4.94881E14	12690
4.94831E14	13088
4.94781E14	13512
4.94731E14	13454
4.94681E14	13502
4.94631E14	13244
4.94581E14	13465
4.94531E14	13074
4.94481E14	14016
4.94431E14	14178
4.94381E14	13985
4.94331E14	13780
4.94281E14	13937
4.94231E14	13850
4.94181E14	14084
4.94131E14	14670
4.94081E14	14328
4.94031E14	14722
4.93981E14	14702
4.93931E14	14635
4.93882E14	14453
4.93832E14	15628
4.93782E14	15567
4.93732E14	15464
4.93682E14	15126
4.93632E14	14987
4.93582E14	15572
4.93533E14	15330
4.93483E14	16031
4.93433E14	16310
4.93383E14	15932
4.93334E14	15747
4.93284E14	16025
4.93234E14	16446
4.93184E14	16889
4.93135E14	16255
4.93085E14	16990
4.93035E14	16852
4.92986E14	16207
4.92936E14	17393
4.92886E14	18051
4.92837E14	17562
4.92787E14	17029
4.92737E14	18104
4.92688E14	17957
4.92638E14	17445
4.92588E14	18142
4.92539E14	18952
4.92489E14	18935
4.9244E14	18675
4.9239E14	18512
4.92341E14	18429
4.92291E14	19131
4.92241E14	19784
4.92192E14	19647
4.92142E14	19849
4.92093E14	20410
4.92043E14	19719
4.91994E14	19707
4.91944E14	20217
4.91895E14	20663
4.91845E14	21287
4.91796E14	21586
4.91747E14	20642
4.91697E14	20152
4.91648E14	21176
4.91598E14	21558
4.91549E14	21807
4.915E14	22132
4.9145E14	20792
4.91401E14	21282
4.91351E14	22528
4.91302E14	22236
4.91253E14	21938
4.91203E14	23195
4.91154E14	22743
4.91105E14	22736
4.91055E14	22624
4.91006E14	23181
4.90957E14	23837
4.90908E14	23295
4.90858E14	23493
4.90809E14	24326
4.9076E14	23284
4.90711E14	24224
4.90661E14	24883
4.90612E14	23956
4.90563E14	23970
4.90514E14	25032
4.90465E14	24877
4.90415E14	24018
4.90366E14	25641
4.90317E14	25487
4.90268E14	26217
4.90219E14	25751
4.9017E14	25676
4.90121E14	25886
4.90072E14	26073
4.90022E14	26473
4.89973E14	26606
4.89924E14	26714
4.89875E14	27297
4.89826E14	26606
4.89777E14	26881
4.89728E14	28468
4.89679E14	28413
4.8963E14	27829
4.89581E14	28233
4.89532E14	28851
4.89483E14	28542
4.89434E14	28716
4.89385E14	29876
4.89336E14	29283
4.89287E14	29765
4.89238E14	30131
4.89189E14	30092
4.8914E14	30958
4.89091E14	32191
4.89043E14	31802
4.88994E14	31731
4.88945E14	31729
4.88896E14	31611
4.88847E14	32192
4.88798E14	33483
4.88749E14	33967
4.88701E14	33047
4.88652E14	32886
4.88603E14	33969
4.88554E14	33629
4.88505E14	34402
4.88457E14	35126
4.88408E14	35326
4.88359E14	35772
4.8831E14	36140
4.88262E14	35862
4.88213E14	36546
4.88164E14	37533
4.88115E14	37159
4.88067E14	37597
4.88018E14	37777
4.87969E14	37776
4.87921E14	38251
4.87872E14	38724
4.87823E14	39817
4.87775E14	40024
4.87726E14	39495
4.87677E14	39598
4.87629E14	40308
4.8758E14	40144
4.87532E14	41817
4.87483E14	41628
4.87434E14	41560
4.87386E14	41787
4.87337E14	42335
4.87289E14	42179
4.8724E14	42861
4.87192E14	43584
4.87143E14	43330
4.87095E14	43580
4.87046E14	43758
4.86998E14	44115
4.86949E14	44900
4.86901E14	45668
4.86852E14	45088
4.86804E14	45305
4.86755E14	45444
4.86707E14	44702
4.86659E14	46223
4.8661E14	47123
4.86562E14	46613
4.86513E14	46887
4.86465E14	48088
4.86417E14	47706
4.86368E14	46991
4.8632E14	47929
4.86272E14	49411
4.86223E14	48708
4.86175E14	48498
4.86127E14	49611
4.86078E14	50247
4.8603E14	50499
4.85982E14	50817
4.85933E14	51804
4.85885E14	52226
4.85837E14	51973
4.85789E14	52146
4.8574E14	53323
4.85692E14	53228
4.85644E14	53977
4.85596E14	54335
4.85547E14	54152
4.85499E14	54117
4.85451E14	54626
4.85403E14	56920
4.85355E14	56488
4.85307E14	55411
4.85258E14	56598
4.8521E14	57548
4.85162E14	57949
4.85114E14	56721
4.85066E14	57973
4.85018E14	59124
4.8497E14	59155
4.84922E14	59850
4.84874E14	59734
4.84826E14	58894
4.84778E14	62849
4.8473E14	62573
4.84681E14	60960
4.84633E14	61713
4.84585E14	64128
4.84537E14	63076
4.84489E14	62074
4.84441E14	64902
4.84394E14	65321
4.84346E14	64142
4.84298E14	65088
4.8425E14	65876
4.84202E14	66330
4.84154E14	67065
4.84106E14	67724
4.84058E14	67921
4.8401E14	68056
4.83962E14	69007
4.83914E14	67901
4.83866E14	68656
4.83819E14	70233
4.83771E14	71145
4.83723E14	70860
4.83675E14	71279
4.83627E14	70957
4.83579E14	72395
4.83532E14	73527
4.83484E14	73070
4.83436E14	73628
4.83388E14	73810
4.83341E14	73833
4.83293E14	73533
4.83245E14	75566
4.83197E14	75337
4.8315E14	74914
4.83102E14	76707
4.83054E14	76949
4.83006E14	75996
4.82959E14	75451
4.82911E14	78035
4.82863E14	78119
4.82816E14	77490
4.82768E14	78304
4.8272E14	79095
4.82673E14	78608
4.82625E14	77620
4.82578E14	80596
4.8253E14	81676
4.82482E14	79988
4.82435E14	78455
4.82387E14	79988
4.8234E14	82547
4.82292E14	81723
4.82245E14	81684
4.82197E14	82006
4.82149E14	83085
4.82102E14	83208
4.82054E14	82469
4.82007E14	84980
4.81959E14	86511
4.81912E14	84271
4.81864E14	84618
4.81817E14	86369
4.8177E14	85902
4.81722E14	85596
4.81675E14	87891
4.81627E14	87965
4.8158E14	87683
4.81532E14	88280
4.81485E14	88038
4.81438E14	88021
4.8139E14	90103
4.81343E14	89459
4.81296E14	89393
4.81248E14	92654
4.81201E14	90622
4.81154E14	90760
4.81106E14	92563
4.81059E14	93655
4.81012E14	94493
4.80964E14	92911
4.80917E14	93335
4.8087E14	94699
4.80822E14	93184
4.80775E14	94913
4.80728E14	95707
4.80681E14	96097
4.80633E14	95911
4.80586E14	96838
4.80539E14	97880
4.80492E14	98778
4.80445E14	97376
4.80397E14	98393
4.8035E14	99173
4.80303E14	99889
4.80256E14	99309
4.80209E14	98392
4.80162E14	100479
4.80115E14	102780
4.80067E14	100784
4.8002E14	101971
4.79973E14	102404
4.79926E14	102607
4.79879E14	105297
4.79832E14	104353
4.79785E14	103152
4.79738E14	104542
4.79691E14	105660
4.79644E14	104877
4.79597E14	107834
4.7955E14	107997
4.79503E14	106735
4.79456E14	107220
4.79409E14	108530
4.79362E14	109460
4.79315E14	109304
4.79268E14	109203
4.79221E14	108953
4.79174E14	110149
4.79127E14	112245
4.7908E14	110741
4.79033E14	111529
4.78986E14	111187
4.78939E14	110867
4.78892E14	112470
4.78846E14	113874
4.78799E14	113319
4.78752E14	112935
4.78705E14	113712
4.78658E14	113449
4.78611E14	114453
4.78564E14	113941
4.78518E14	116055
4.78471E14	117606
4.78424E14	115919
4.78377E14	116498
4.78331E14	116719
4.78284E14	116655
4.78237E14	118456
4.7819E14	119224
4.78143E14	118424
4.78097E14	117553
4.7805E14	118290
4.78003E14	119255
4.77957E14	118579
4.7791E14	122712
4.77863E14	122271
4.77817E14	121037
4.7777E14	123031
4.77723E14	123294
4.77677E14	121569
4.7763E14	125331
4.77583E14	124468
4.77537E14	122044
4.7749E14	125507
4.77443E14	128310
4.77397E14	127422
4.7735E14	126291
4.77304E14	126908
4.77257E14	126786
4.77211E14	130175
4.77164E14	128925
4.77117E14	128443
4.77071E14	129226
4.77024E14	131306
4.76978E14	130779
4.76931E14	128615
4.76885E14	132528
4.76838E14	133328
4.76792E14	131210
4.76745E14	132751
4.76699E14	132454
4.76653E14	131103
4.76606E14	133720
4.7656E14	136108
4.76513E14	134842
4.76467E14	136005
4.7642E14	135394
4.76374E14	135561
4.76328E14	134743
4.76281E14	134943
4.76235E14	137600
4.76189E14	138976
4.76142E14	136265
4.76096E14	137274
4.76049E14	138520
4.76003E14	136388
4.75957E14	139021
4.75911E14	140622
4.75864E14	138225
4.75818E14	137698
4.75772E14	141266
4.75725E14	139661
4.75679E14	138893
4.75633E14	136740
4.75587E14	138485
4.7554E14	140976
4.75494E14	139013
4.75448E14	137643
4.75402E14	142924
4.75356E14	142814
4.75309E14	137084
4.75263E14	137751
4.75217E14	140634
4.75171E14	139904
4.75125E14	136710
4.75079E14	140125
4.75032E14	139698
4.74986E14	137985
4.7494E14	139015
4.74894E14	136572
4.74848E14	136814
4.74802E14	138038
4.74756E14	135799
4.7471E14	136745
4.74664E14	136623
4.74618E14	134511
4.74572E14	134825
4.74526E14	135256
4.74479E14	132769
4.74433E14	131326
4.74387E14	131633
4.74341E14	130225
4.74295E14	129113
4.74249E14	129176
4.74204E14	129388
4.74158E14	128560
4.74112E14	125885
4.74066E14	126038
4.7402E14	125839
4.73974E14	124638
4.73928E14	124939
4.73882E14	122799
4.73836E14	121531
4.7379E14	120854
4.73744E14	120931
4.73698E14	119563
4.73652E14	116831
4.73607E14	117325
4.73561E14	116969
4.73515E14	115154
4.73469E14	115249
4.73423E14	113353
4.73377E14	112467
4.73332E14	112803
4.73286E14	110570
4.7324E14	110015
4.73194E14	109245
4.73149E14	106970
4.73103E14	105674
4.73057E14	105680
4.73011E14	105698
4.72966E14	105183
4.7292E14	101765
4.72874E14	98948
4.72828E14	100508
4.72783E14	99489
4.72737E14	97892
4.72691E14	95901
4.72646E14	96854
4.726E14	93703
4.72554E14	92336
4.72509E14	91117
4.72463E14	91245
4.72417E14	90844
4.72372E14	87927
4.72326E14	85849
4.72281E14	86812
4.72235E14	84067
4.72189E14	81880
4.72144E14	83654
4.72098E14	80753
4.72053E14	78508
4.72007E14	78949
4.71962E14	77736
4.71916E14	75734
4.71871E14	75405
4.71825E14	73775
4.7178E14	73092
4.71734E14	73868
4.71689E14	71459
4.71643E14	66509
4.71598E14	69075
4.71552E14	67839
4.71507E14	65513
4.71461E14	65313
4.71416E14	65126
4.7137E14	60753
4.71325E14	61238
4.7128E14	62692
4.71234E14	59087
4.71189E14	58473
4.71143E14	56845
4.71098E14	55303
4.71053E14	57154
4.71007E14	57145
4.70962E14	52728
4.70917E14	52075
4.70871E14	51960
4.70826E14	51191
4.70781E14	49462
4.70735E14	48219
4.7069E14	49165
4.70645E14	47373
4.70599E14	45061
4.70554E14	43835
4.70509E14	44801
4.70464E14	42657
4.70418E14	40991
4.70373E14	41071
4.70328E14	40632
4.70283E14	38746
4.70238E14	37332
4.70192E14	36811
4.70147E14	37202
4.70102E14	35957
4.70057E14	34247
4.70012E14	33629
4.69966E14	33677
4.69921E14	33186
4.69876E14	31764
4.69831E14	32084
4.69786E14	30648
4.69741E14	30281
4.69696E14	28503
4.69651E14	28012
4.69605E14	28381
4.6956E14	27327
4.69515E14	25944
4.6947E14	26851
4.69425E14	26558
4.6938E14	25273
4.69335E14	24759
4.6929E14	23812
4.69245E14	23973
4.692E14	23349
4.69155E14	22921
4.6911E14	22231
4.69065E14	21923
4.6902E14	21614
4.68975E14	21780
4.6893E14	20984
4.68885E14	20847
4.6884E14	20435
4.68795E14	19869
4.6875E14	19603
4.68706E14	19702
4.68661E14	19029
4.68616E14	19009
4.68571E14	18986
4.68526E14	17944
4.68481E14	17321
4.68436E14	17712
4.68391E14	17683
4.68347E14	17005
4.68302E14	16698
4.68257E14	16582
4.68212E14	16486
4.68167E14	16033
4.68122E14	16165
4.68078E14	15765
4.68033E14	15437
4.67988E14	15056
4.67943E14	14847
4.67899E14	14659
4.67854E14	14337
4.67809E14	14834
4.67764E14	14086
4.6772E14	14339
4.67675E14	13995
4.6763E14	13032
4.67585E14	13344
4.67541E14	13509
4.67496E14	12865
4.67451E14	12791
4.67407E14	12724
4.67362E14	12205
4.67317E14	12432
4.67273E14	12593
4.67228E14	12071
4.67184E14	11977
4.67139E14	11777
4.67094E14	11311
4.6705E14	11185
4.67005E14	11414
4.66961E14	11567
4.66916E14	10811
4.66871E14	10773
4.66827E14	10516
4.66782E14	10139
4.66738E14	10274
4.66693E14	10562
4.66649E14	10445
4.66604E14	10165
4.6656E14	10002
4.66515E14	9744
4.66471E14	9428
4.66426E14	9369
4.66382E14	9812
4.66337E14	9458
4.66293E14	9154
4.66248E14	8767
4.66204E14	8541
4.6616E14	8886
4.66115E14	9321
4.66071E14	8825
4.66026E14	8545
4.65982E14	8271
4.65938E14	7879
4.65893E14	7858
4.65849E14	8363
4.65804E14	8316
4.6576E14	7921
4.65716E14	7760
4.65671E14	7496
4.65627E14	7227
4.65583E14	7407
4.65538E14	7695
4.65494E14	7378
4.6545E14	7113
4.65406E14	7005
4.65361E14	6851
4.65317E14	6839
4.65273E14	7178
4.65228E14	6877
4.65184E14	6605
4.6514E14	6629
4.65096E14	6458
4.65052E14	6130
4.65007E14	6249
4.64963E14	6696
4.64919E14	6526
4.64875E14	6401
4.64831E14	6007
4.64786E14	5903
4.64742E14	5823
4.64698E14	6284
4.64654E14	6046
4.6461E14	5699
4.64566E14	5702
4.64522E14	5549
4.64477E14	5501
4.64433E14	5934
4.64389E14	5648
4.64345E14	5651
4.64301E14	5241
4.64257E14	5237
4.64213E14	5267
4.64169E14	5300
4.64125E14	5602
4.64081E14	5252
4.64037E14	5201
4.63993E14	4898
4.63949E14	4603
4.63905E14	4977
4.63861E14	5510
4.63817E14	4888
4.63773E14	4745
4.63729E14	4884
4.63685E14	4523
4.63641E14	4337
4.63597E14	4569
4.63553E14	5075
4.63509E14	4648
4.63465E14	4450
4.63421E14	4360
4.63377E14	4019
4.63334E14	4243
4.6329E14	4917
4.63246E14	4573
4.63202E14	4460
4.63158E14	4202
4.63114E14	3892
4.6307E14	4005
4.63027E14	4455
4.62983E14	3978
4.62939E14	3895
4.62895E14	3855
4.62851E14	3758
4.62808E14	3536
4.62764E14	3704
4.6272E14	4185
4.62676E14	3817
4.62632E14	3491
4.62589E14	3389
4.62545E14	3424
4.62501E14	3490
4.62458E14	3829
4.62414E14	3569
4.6237E14	3370
4.62326E14	3393
4.62283E14	3186
4.62239E14	3180
4.62195E14	3171
4.62152E14	3560
4.62108E14	3401
4.62064E14	3212
4.62021E14	2926
4.61977E14	2833
4.61933E14	3050
4.6189E14	3575
4.61846E14	3090
4.61803E14	3062
4.61759E14	2959
4.61715E14	2634
4.61672E14	2964
4.61628E14	3311
4.61585E14	3067
4.61541E14	3102
4.61498E14	2919
4.61454E14	2658
4.61411E14	2578
4.61367E14	2915
4.61324E14	2940
4.6128E14	2885
4.61237E14	2721
4.61193E14	2636
4.6115E14	2692
4.61106E14	2791
4.61063E14	2893
4.61019E14	2711
4.60976E14	2730
4.60932E14	2627
4.60889E14	2356
4.60845E14	2342
4.60802E14	2411
4.60759E14	2943
4.60715E14	2558
4.60672E14	2528
4.60628E14	2461
4.60585E14	2347
4.60542E14	2388
4.60498E14	2183
4.60455E14	2444
4.60412E14	2246
4.60368E14	2177
4.60325E14	2235
4.60282E14	2135
4.60238E14	2503
4.60195E14	2261
4.60152E14	2087
4.60109E14	2193
4.60065E14	1965
4.60022E14	1829
4.59979E14	2217
4.59935E14	2555
4.59892E14	2096
4.59849E14	1985
4.59806E14	1934
4.59763E14	1987
4.59719E14	1892
4.59676E14	2469
4.59633E14	2075
4.5959E14	1812
4.59547E14	2036
4.59503E14	1931
4.5946E14	1894
4.59417E14	1885
4.59374E14	2230
4.59331E14	2108
4.59288E14	1894
4.59245E14	1636
4.59201E14	1692
4.59158E14	1714
4.59115E14	2208
4.59072E14	1723
4.59029E14	1832
4.58986E14	1745
4.58943E14	1482
4.589E14	1794
4.58857E14	2150
4.58814E14	1789
4.58771E14	1895
4.58728E14	1851
4.58685E14	1763
4.58642E14	1703
4.58599E14	1736
4.58556E14	2026
4.58513E14	1863
4.5847E14	1883
4.58427E14	1592
4.58384E14	1507
4.58341E14	1657
4.58298E14	1884
4.58255E14	1736
4.58212E14	1764
4.58169E14	1675
4.58126E14	1646
4.58083E14	1277
4.58041E14	1543
4.57998E14	1935
4.57955E14	1659
4.57912E14	1610
4.57869E14	1378
4.57826E14	1482
4.57783E14	1463
4.5774E14	1929
4.57698E14	1711
4.57655E14	1603
4.57612E14	1614
4.57569E14	1256
4.57526E14	1477
4.57484E14	1933
4.57441E14	1657
4.57398E14	1479
4.57355E14	1289
4.57313E14	1435
4.5727E14	1376
4.57227E14	1498
4.57184E14	1705
4.57142E14	1494
4.57099E14	1409
4.57056E14	1322
4.57013E14	1252
4.56971E14	1416
4.56928E14	1762
4.56885E14	1496
4.56843E14	1444
4.568E14	1410
4.56757E14	1390
4.56715E14	1279
4.56672E14	1469
4.56629E14	1709
4.56587E14	1718
4.56544E14	1367
4.56502E14	1209
4.56459E14	1083
4.56416E14	1189
4.56374E14	1652
4.56331E14	1603
4.56289E14	1314
4.56246E14	1274
4.56204E14	1273
4.56161E14	1141
4.56119E14	1756
4.56076E14	1450
4.56033E14	1283
4.55991E14	1343
4.55948E14	1114
4.55906E14	1107
4.55864E14	1333
4.55821E14	1703
4.55779E14	1523
4.55736E14	1142
4.55694E14	1080
4.55651E14	846
4.55609E14	1258
4.55566E14	1553
4.55524E14	1385
4.55481E14	1166
4.55439E14	1264
4.55397E14	1191
4.55354E14	1133
4.55312E14	1289
4.5527E14	1579
4.55227E14	1337
4.55185E14	1331
4.55142E14	1338
4.551E14	1127
4.55058E14	1231
4.55015E14	1679
4.54973E14	1382
4.54931E14	1300
4.54888E14	1221
4.54846E14	929
4.54804E14	1218
4.54762E14	1563
4.54719E14	1340
4.54677E14	1232
4.54635E14	1225
4.54593E14	1240
4.5455E14	1111
4.54508E14	1045
4.54466E14	1527
4.54424E14	1364
4.54381E14	1307
4.54339E14	1324
4.54297E14	990
4.54255E14	1096
4.54213E14	1478
4.5417E14	1254
4.54128E14	1297
4.54086E14	1280
4.54044E14	1009
4.54002E14	963
4.5396E14	966
4.53918E14	1430
4.53875E14	1129
4.53833E14	1051
4.53791E14	998
4.53749E14	1012
4.53707E14	1054
4.53665E14	1469
4.53623E14	1326
4.53581E14	1256
4.53539E14	1119
4.53497E14	787
4.53455E14	1177
4.53413E14	1399
4.53371E14	1090
4.53329E14	1184
4.53287E14	1247
4.53245E14	1119
4.53203E14	983
4.53161E14	1128
4.53119E14	1523
4.53077E14	1079
4.53035E14	1096
4.52993E14	1005
4.52951E14	909
4.52909E14	1097
4.52867E14	1571
4.52825E14	1156
4.52783E14	1093
4.52741E14	1120
4.52699E14	878
4.52657E14	917
4.52616E14	1230
4.52574E14	1384
4.52532E14	1450
4.5249E14	989
4.52448E14	941
4.52406E14	783
4.52364E14	978
4.52323E14	1366
4.52281E14	1260
4.52239E14	1084
4.52197E14	1136
4.52155E14	953
4.52114E14	1022
4.52072E14	1457
4.5203E14	1151
4.51988E14	1135
4.51946E14	991
4.51905E14	1285
4.51863E14	930
4.51821E14	1085
4.5178E14	1415
4.51738E14	1114
4.51696E14	1075
4.51654E14	921
4.51613E14	634
4.51571E14	1080
4.51529E14	1515
4.51488E14	1242
4.51446E14	1107
4.51404E14	973
4.51363E14	961
4.51321E14	813
4.51279E14	1028
4.51238E14	1298
4.51196E14	1094
4.51154E14	1164
4.51113E14	865
4.51071E14	637
4.5103E14	962
4.50988E14	1451
4.50947E14	1145
4.50905E14	1048
4.50863E14	977
4.50822E14	705
4.5078E14	832
4.50739E14	1132
4.50697E14	1023
4.50656E14	1001
4.50614E14	962
4.50573E14	909
4.50531E14	822
4.5049E14	989
4.50448E14	1360
4.50407E14	1246
4.50365E14	924
4.50324E14	809
4.50282E14	735
4.50241E14	1257
4.50199E14	1372
4.50158E14	1038
4.50117E14	1101
4.50075E14	1231
4.50034E14	980
4.49992E14	970
4.49951E14	763
4.4991E14	1323
4.49868E14	1087
4.49827E14	1006
4.49786E14	802
4.49744E14	599
4.49703E14	906
4.49661E14	1397
4.4962E14	1194
4.49579E14	1094
4.49537E14	864
4.49496E14	615
4.49455E14	869
4.49414E14	1432
4.49372E14	1091
4.49331E14	936
4.4929E14	1086
4.49248E14	803
4.49207E14	653
4.49166E14	942
4.49125E14	1244
4.49084E14	998
4.49042E14	891
4.49001E14	862
4.4896E14	705
4.48919E14	941
4.48877E14	1306
4.48836E14	992
4.48795E14	1339
4.48754E14	988
4.48713E14	787
4.48672E14	723
4.4863E14	753
4.48589E14	1545
4.48548E14	1212
4.48507E14	909
4.48466E14	739
4.48425E14	635
4.48384E14	918
4.48343E14	1870
4.48302E14	1316
4.4826E14	973
4.48219E14	872
4.48178E14	715
4.48137E14	912
4.48096E14	1437
4.48055E14	1202
4.48014E14	929
4.47973E14	787
4.47932E14	799
4.47891E14	799
4.4785E14	786
4.47809E14	1269
4.47768E14	892
4.47727E14	883
4.47686E14	873
4.47645E14	741
4.47604E14	919
4.47563E14	1242
4.47522E14	965
4.47481E14	1076
4.4744E14	1014
4.47399E14	817
4.47359E14	803
4.47318E14	928
4.47277E14	1229
4.47236E14	901
4.47195E14	897
4.47154E14	874
4.47113E14	807
4.47072E14	896
4.47031E14	1351
4.46991E14	1087
4.4695E14	932
4.46909E14	715
4.46868E14	632
4.46827E14	828
4.46786E14	1199
4.46746E14	1051
4.46705E14	972
4.46664E14	893
4.46623E14	909
4.46583E14	645
4.46542E14	834
4.46501E14	1222
4.4646E14	915
4.4642E14	925
4.46379E14	807
4.46338E14	669
4.46297E14	667
4.46257E14	1414
4.46216E14	1188
4.46175E14	1006
4.46135E14	946
4.46094E14	796
4.46053E14	651
4.46012E14	818
4.45972E14	1056
4.45931E14	1229
4.4589E14	815
4.4585E14	823
4.45809E14	715
4.45769E14	978
4.45728E14	1311
4.45687E14	949
4.45647E14	932
4.45606E14	854
4.45566E14	840
4.45525E14	958
4.45484E14	1191
4.45444E14	810
4.45403E14	1005
4.45363E14	888
4.45322E14	811
4.45282E14	742
4.45241E14	885
4.45201E14	1485
4.4516E14	1124
4.4512E14	736
4.45079E14	815
4.45039E14	650
4.44998E14	812
4.44958E14	1319
4.44917E14	1101
4.44877E14	914
4.44836E14	908
4.44796E14	871
4.44755E14	769
4.44715E14	897
4.44674E14	2094
4.44634E14	1213
4.44594E14	791
4.44553E14	725
4.44513E14	768
4.44472E14	1016
4.44432E14	1231
4.44392E14	899
4.44351E14	785
4.44311E14	804
4.44271E14	871
4.4423E14	774
4.4419E14	1145
4.4415E14	935
4.44109E14	900
4.44069E14	816
4.44029E14	870
4.43988E14	756
4.43948E14	830
4.43908E14	1220
4.43867E14	1070
4.43827E14	862
4.43787E14	796
4.43747E14	649
4.43706E14	859
4.43666E14	1350
4.43626E14	1104
4.43586E14	988
4.43545E14	899
4.43505E14	869
4.43465E14	804
4.43425E14	711
4.43385E14	937
4.43344E14	822
4.43304E14	803
4.43264E14	837
4.43224E14	683
4.43184E14	985
4.43144E14	1116
4.43104E14	802
4.43063E14	712
4.43023E14	829
4.42983E14	708
4.42943E14	749
4.42903E14	1255
4.42863E14	1008
4.42823E14	996
4.42783E14	849
4.42743E14	707
4.42702E14	551
4.42662E14	675
4.42622E14	1186
4.42582E14	1039
4.42542E14	868
4.42502E14	811
4.42462E14	591
4.42422E14	701
4.42382E14	1053
4.42342E14	1061
4.42302E14	879
4.42262E14	783
4.42222E14	630
4.42182E14	583
4.42142E14	775
4.42102E14	1284
4.42062E14	1051
4.42022E14	1048
4.41982E14	790
4.41943E14	704
4.41903E14	846
4.41863E14	1207
4.41823E14	1097
4.41783E14	912
4.41743E14	856
4.41703E14	614
4.41663E14	883
4.41623E14	1321
4.41583E14	911
4.41544E14	993
4.41504E14	797
4.41464E14	903
4.41424E14	713
4.41384E14	796
4.41344E14	1219
4.41305E14	909
4.41265E14	800
4.41225E14	710
4.41185E14	503
4.41145E14	759
4.41106E14	1130
4.41066E14	991
4.41026E14	952
4.40986E14	1123
4.40947E14	665
4.40907E14	700
4.40867E14	1072
4.40827E14	1455
4.40788E14	1063
4.40748E14	985
4.40708E14	744
4.40669E14	653
4.40629E14	840
4.40589E14	1318
4.40549E14	964
4.4051E14	912
4.4047E14	727
4.4043E14	1122
4.40391E14	730
4.40351E14	1337
4.40312E14	1062
4.40272E14	978
4.40232E14	798
4.40193E14	612
4.40153E14	614
4.40113E14	972
4.40074E14	1361
4.40034E14	1068
4.39995E14	746
4.39955E14	859
4.39916E14	715
4.39876E14	860
4.39836E14	1173
4.39797E14	908
4.39757E14	861
4.39718E14	882
4.39678E14	762
4.39639E14	530
4.39599E14	747
4.3956E14	1863
4.3952E14	1965
4.39481E14	1108
4.39441E14	708
4.39402E14	572
4.39362E14	784
4.39323E14	1153
4.39283E14	933
4.39244E14	771
4.39205E14	856
4.39165E14	865
4.39126E14	1088
4.39086E14	1204
4.39047E14	1257
4.39007E14	1012
4.38968E14	855
4.38929E14	748
4.38889E14	620
4.3885E14	1042
4.38811E14	1186
4.38771E14	1046
4.38732E14	848
4.38692E14	832
4.38653E14	688
4.38614E14	1167
4.38574E14	1292
4.38535E14	1259
4.38496E14	1007
4.38457E14	716
4.38417E14	733
4.38378E14	727
4.38339E14	895
4.38299E14	1155
4.3826E14	1079
4.38221E14	815
4.38182E14	768
4.38142E14	709
4.38103E14	839
4.38064E14	1157
4.38025E14	892
4.37985E14	811
4.37946E14	669
4.37907E14	543
4.37868E14	878
4.37829E14	1304
4.37789E14	946
4.3775E14	841
4.37711E14	833
4.37672E14	733
4.37633E14	824
4.37594E14	784
4.37554E14	1063
4.37515E14	965
4.37476E14	968
4.37437E14	715
4.37398E14	742
4.37359E14	683
4.3732E14	1211
4.37281E14	900
4.37242E14	861
4.37203E14	964
4.37163E14	818
4.37124E14	672
4.37085E14	762
4.37046E14	1139
4.37007E14	973
4.36968E14	830
4.36929E14	707
4.3689E14	613
4.36851E14	703
4.36812E14	1070
4.36773E14	927
4.36734E14	861
4.36695E14	845
4.36656E14	593
4.36617E14	952
4.36578E14	1379
4.36539E14	1110
4.365E14	908
4.36461E14	981
4.36422E14	784
4.36383E14	707
4.36345E14	796
4.36306E14	1222
4.36267E14	972
4.36228E14	945
4.36189E14	882
4.3615E14	784
4.36111E14	955
4.36072E14	1463
4.36033E14	1031
4.35994E14	840
4.35956E14	821
4.35917E14	773
4.35878E14	595
4.35839E14	730
4.358E14	1165
4.35761E14	936
4.35723E14	782
4.35684E14	856
4.35645E14	634
4.35606E14	820
4.35567E14	1182
4.35529E14	977
4.3549E14	1047
4.35451E14	737
4.35412E14	701
4.35374E14	842
4.35335E14	1085
4.35296E14	1030
4.35257E14	1155
4.35219E14	902
4.3518E14	745
4.35141E14	709
4.35103E14	653
4.35064E14	1284
4.35025E14	954
4.34986E14	958
4.34948E14	786
4.34909E14	643
4.3487E14	1007
4.34832E14	1388
4.34793E14	1064
4.34754E14	915
4.34716E14	888
4.34677E14	788
4.34639E14	741
4.346E14	814
4.34561E14	1385
4.34523E14	1113
4.34484E14	958
4.34446E14	941
4.34407E14	758
4.34368E14	910
4.3433E14	1208
4.34291E14	1012
4.34253E14	856
4.34214E14	737
4.34176E14	659
4.34137E14	649
4.34099E14	1456
4.3406E14	1001
4.34022E14	1064
4.33983E14	918
4.33945E14	836
4.33906E14	626
4.33868E14	844
4.33829E14	1124
4.33791E14	847
4.33752E14	847
4.33714E14	661
4.33675E14	633
4.33637E14	1206
4.33598E14	1175
4.3356E14	1174
4.33521E14	999
4.33483E14	935
4.33445E14	767
4.33406E14	637
4.33368E14	703
4.33329E14	1262
4.33291E14	920
4.33253E14	942
4.33214E14	699
4.33176E14	798
4.33138E14	931
4.33099E14	1210
4.33061E14	915
4.33023E14	746
4.32984E14	882
4.32946E14	701
4.32908E14	772
4.32869E14	1257
4.32831E14	902
4.32793E14	920
4.32754E14	956
4.32716E14	948
4.32678E14	584
4.3264E14	1044
4.32601E14	1169
4.32563E14	1171
4.32525E14	944
4.32487E14	748
4.32448E14	866
4.3241E14	913
4.32372E14	1147
4.32334E14	1062
4.32295E14	963
4.32257E14	901
4.32219E14	826
4.32181E14	667
4.32143E14	1176
4.32105E14	1080
4.32066E14	862
4.32028E14	1013
4.3199E14	954
4.31952E14	643
4.31914E14	882
4.31876E14	1194
4.31838E14	949
4.31799E14	928
4.31761E14	893
4.31723E14	709
4.31685E14	855
4.31647E14	1175
4.31609E14	965
4.31571E14	810
4.31533E14	893
4.31495E14	768
4.31457E14	686
4.31419E14	954
4.31381E14	1173
4.31342E14	975
4.31304E14	771
4.31266E14	832
4.31228E14	887
4.3119E14	788
4.31152E14	1133
4.31114E14	840
4.31076E14	890
4.31038E14	880
4.31E14	838
4.30962E14	631
4.30924E14	850
4.30887E14	1178
4.30849E14	1060
4.30811E14	958
4.30773E14	821
4.30735E14	582
4.30697E14	941
4.30659E14	1096
4.30621E14	982
4.30583E14	971
4.30545E14	829
4.30507E14	526
4.30469E14	744
4.30432E14	1066
4.30394E14	932
4.30356E14	960
4.30318E14	1118
4.3028E14	761
4.30242E14	608
4.30204E14	786
4.30167E14	1257
4.30129E14	1051
4.30091E14	707
4.30053E14	778
4.30015E14	621
4.29978E14	776
4.2994E14	1334
4.29902E14	1002
4.29864E14	832
4.29826E14	1013
4.29789E14	690
4.29751E14	593
4.29713E14	808
4.29675E14	1323
4.29638E14	1133
4.296E14	783
4.29562E14	826
4.29524E14	633
4.29487E14	914
4.29449E14	1277
4.29411E14	843
4.29374E14	847
4.29336E14	968
4.29298E14	705
4.29261E14	853
4.29223E14	1210
4.29185E14	994
4.29148E14	806
4.2911E14	1039
4.29072E14	950
4.29035E14	746
4.28997E14	804
4.28959E14	1189
4.28922E14	1060
4.28884E14	870
4.28847E14	773
4.28809E14	786
4.28771E14	983
4.28734E14	1363
4.28696E14	985
4.28659E14	1017
4.28621E14	955
4.28584E14	703
4.28546E14	713
4.28509E14	849
4.28471E14	1173
4.28433E14	988
4.28396E14	870
4.28358E14	723
4.28321E14	573
4.28283E14	771
4.28246E14	1250
4.28208E14	1000
4.28171E14	726
4.28133E14	823
4.28096E14	762
4.28059E14	802
4.28021E14	1352
4.27984E14	1033
4.27946E14	987
4.27909E14	1008
4.27871E14	1062
4.27834E14	697
4.27796E14	862
4.27759E14	1199
4.27722E14	872
4.27684E14	886
4.27647E14	937
4.27609E14	949
4.27572E14	890
4.27535E14	954
4.27497E14	1064
4.2746E14	809
4.27423E14	818
4.27385E14	890
4.27348E14	616
4.27311E14	860
4.27273E14	1167
4.27236E14	904
4.27199E14	847
4.27161E14	875
4.27124E14	801
4.27087E14	796
4.2705E14	1245
4.27012E14	938
4.26975E14	803
4.26938E14	690
4.269E14	699
4.26863E14	798
4.26826E14	997
4.26789E14	879
4.26751E14	846
4.26714E14	837
4.26677E14	641
4.2664E14	566
4.26603E14	760
4.26565E14	1257
4.26528E14	956
4.26491E14	992
4.26454E14	787
4.26417E14	646
4.26379E14	963
4.26342E14	1146
4.26305E14	942
4.26268E14	941
4.26231E14	840
4.26194E14	1001
4.26157E14	915
4.26119E14	990
4.26082E14	1232
4.26045E14	943
4.26008E14	811
4.25971E14	786
4.25934E14	698
4.25897E14	881
4.2586E14	1212
4.25823E14	1064
4.25786E14	830
4.25749E14	921
4.25712E14	656
4.25674E14	809
4.25637E14	1123
4.256E14	969
4.25563E14	732
4.25526E14	912
4.25489E14	673
4.25452E14	536
4.25415E14	991
4.25378E14	1366
4.25341E14	1188
4.25304E14	963
4.25267E14	879
4.2523E14	716
4.25193E14	790
4.25157E14	1099
4.2512E14	1119
4.25083E14	1003
4.25046E14	1009
4.25009E14	869
4.24972E14	618
4.24935E14	856
4.24898E14	1194
4.24861E14	895
4.24824E14	890
4.24787E14	826
4.2475E14	798
4.24714E14	1095
4.24677E14	1312
4.2464E14	959
4.24603E14	1210
4.24566E14	882
4.24529E14	791
4.24492E14	933
4.24456E14	1122
4.24419E14	996
4.24382E14	853
4.24345E14	962
4.24308E14	809
4.24271E14	866
4.24235E14	831
4.24198E14	1298
4.24161E14	1072
4.24124E14	935
4.24088E14	909
4.24051E14	781
4.24014E14	915
4.23977E14	1287
4.23941E14	968
4.23904E14	947
4.23867E14	1046
4.2383E14	659
4.23794E14	761
4.23757E14	855
4.2372E14	1250
4.23684E14	1020
4.23647E14	861
4.2361E14	792
4.23573E14	587
4.23537E14	818
4.235E14	1261
4.23463E14	1051
4.23427E14	918
4.2339E14	720
4.23354E14	562
4.23317E14	984
4.2328E14	1280
4.23244E14	947
4.23207E14	1004
4.2317E14	1060
4.23134E14	957
4.23097E14	717
4.23061E14	789
4.23024E14	1151
4.22987E14	1100
4.22951E14	1024
4.22914E14	849
4.22878E14	627
4.22841E14	1000
4.22805E14	1236
4.22768E14	1046
4.22732E14	891
4.22695E14	993
4.22658E14	762
4.22622E14	705
4.22585E14	899
4.22549E14	1346
4.22512E14	1018
4.22476E14	910
4.22439E14	878
4.22403E14	513
4.22367E14	1389
4.2233E14	1508
4.22294E14	1103
4.22257E14	865
4.22221E14	832
4.22184E14	622
4.22148E14	843
4.22111E14	1006
4.22075E14	1066
4.22039E14	914
4.22002E14	823
4.21966E14	797
4.21929E14	815
4.21893E14	978
4.21857E14	1264
4.2182E14	1004
4.21784E14	1016
4.21747E14	819
4.21711E14	852
4.21675E14	1184
4.21638E14	1182
4.21602E14	967
4.21566E14	982
4.21529E14	936
4.21493E14	757
4.21457E14	630
4.2142E14	697
4.21384E14	1205
4.21348E14	924
4.21312E14	896
4.21275E14	892
4.21239E14	897
4.21203E14	735
4.21166E14	1255
4.2113E14	968
4.21094E14	906
4.21058E14	806
4.21021E14	731
4.20985E14	790
4.20949E14	1239
4.20913E14	1109
4.20877E14	831
4.2084E14	885
4.20804E14	751
4.20768E14	746
4.20732E14	997
4.20696E14	1242
4.20659E14	954
4.20623E14	920
4.20587E14	853
4.20551E14	644
4.20515E14	1310
4.20479E14	1331
4.20442E14	868
4.20406E14	880
4.2037E14	944
4.20334E14	952
4.20298E14	839
4.20262E14	1883
4.20226E14	1454
4.2019E14	948
4.20154E14	968
4.20117E14	894
4.20081E14	698
4.20045E14	918
4.20009E14	1351
4.19973E14	1058
4.19937E14	1026
4.19901E14	956
4.19865E14	704
4.19829E14	897
4.19793E14	1129
4.19757E14	917
4.19721E14	920
4.19685E14	1074
4.19649E14	896
4.19613E14	846
4.19577E14	880
4.19541E14	1384
4.19505E14	1054
4.19469E14	932
4.19433E14	884
4.19397E14	754
4.19361E14	796
4.19325E14	1240
4.19289E14	1019
4.19253E14	1160
4.19217E14	1165
4.19181E14	683
4.19145E14	533
4.1911E14	835
4.19074E14	1197
4.19038E14	953
4.19002E14	960
4.18966E14	763
4.1893E14	656
4.18894E14	924
4.18858E14	1328
4.18822E14	962
4.18787E14	886
4.18751E14	959
4.18715E14	770
4.18679E14	1012
4.18643E14	1201
4.18607E14	1130
4.18572E14	929
4.18536E14	865
4.185E14	961
4.18464E14	808
4.18428E14	879
4.18393E14	1171
4.18357E14	1005
4.18321E14	965
4.18285E14	982
4.1825E14	776
4.18214E14	943
4.18178E14	1132
4.18142E14	941
4.18107E14	883
4.18071E14	1083
4.18035E14	804
4.17999E14	607
4.17964E14	801
4.17928E14	1175
4.17892E14	1068
4.17857E14	872
4.17821E14	768
4.17785E14	641
4.17749E14	749
4.17714E14	1280
4.17678E14	919
4.17642E14	791
4.17607E14	932
4.17571E14	752
4.17536E14	728
4.175E14	1159
4.17464E14	1097
4.17429E14	982
4.17393E14	838
4.17357E14	785
4.17322E14	709
4.17286E14	953
4.17251E14	1219
4.17215E14	1032
4.17179E14	793
4.17144E14	938
4.17108E14	809
4.17073E14	1028
4.17037E14	1369
4.17002E14	981
4.16966E14	911
4.1693E14	740
4.16895E14	897
4.16859E14	887
4.16824E14	809
4.16788E14	1141
4.16753E14	863
4.16717E14	871
4.16682E14	724
4.16646E14	870
4.16611E14	976
4.16575E14	1163
4.1654E14	914
4.16504E14	922
4.16469E14	1140
4.16434E14	842
4.16398E14	706
4.16363E14	1118
4.16327E14	936
4.16292E14	1031
4.16256E14	1046
4.16221E14	832
4.16186E14	627
4.1615E14	915
4.16115E14	1271
4.16079E14	1037
4.16044E14	1249
4.16009E14	824
4.15973E14	691
4.15938E14	1007
4.15902E14	1414
4.15867E14	1106
4.15832E14	983
4.15796E14	739
4.15761E14	691
4.15726E14	640
4.1569E14	870
4.15655E14	1226
4.1562E14	1007
4.15584E14	878
4.15549E14	751
4.15514E14	762
4.15479E14	857
4.15443E14	1367
4.15408E14	1034
4.15373E14	914
4.15337E14	862
4.15302E14	772
4.15267E14	1167
4.15232E14	1218
4.15196E14	994
4.15161E14	966
4.15126E14	865
4.15091E14	687
4.15056E14	696
4.1502E14	622
4.14985E14	866
4.1495E14	781
4.14915E14	684
4.14879E14	621
4.14844E14	644
4.14809E14	611
4.14774E14	772
4.14739E14	686
4.14704E14	788
4.14668E14	793
4.14633E14	636
4.14598E14	547
4.14563E14	639
4.14528E14	762
4.14493E14	680
4.14458E14	844
4.14423E14	680
4.14387E14	549
4.14352E14	680
4.14317E14	746
4.14282E14	602
4.14247E14	646
4.14212E14	966
4.14177E14	656
4.14142E14	699
4.14107E14	836
4.14072E14	608
4.14037E14	682
4.14002E14	840
4.13967E14	664
4.13932E14	574
4.13897E14	614
4.13862E14	786
4.13827E14	702
4.13792E14	916
4.13757E14	670
4.13722E14	573
4.13687E14	618
4.13652E14	678
4.13617E14	626
4.13582E14	675
4.13547E14	856
4.13512E14	646
4.13477E14	555
4.13442E14	664
4.13407E14	728
4.13372E14	710
4.13337E14	905
4.13302E14	732
4.13267E14	524
4.13232E14	618
4.13197E14	749
4.13162E14	658
4.13128E14	787
4.13093E14	679
4.13058E14	441
4.13023E14	424
4.12988E14	407
4.12953E14	264
4.12918E14	313
4.12883E14	565
4.12849E14	495
4.12814E14	342
4.12779E14	365
4.12744E14	204
4.12709E14	320
4.12674E14	736
4.1264E14	438
4.12605E14	531
4.1257E14	445
4.12535E14	220
4.125E14	161
4.12466E14	320
4.12431E14	781
4.12396E14	524
4.12361E14	267
4.12327E14	216
4.12292E14	209
4.12257E14	370
4.12222E14	683
4.12188E14	611
4.12153E14	457
4.12118E14	402
4.12083E14	286
4.12049E14	258
4.12014E14	385
4.11979E14	621
4.11945E14	462
4.1191E14	351
4.11875E14	359
4.11841E14	186
4.11806E14	279
4.11771E14	562
4.11737E14	378
4.11702E14	358
4.11667E14	289
4.11633E14	169
4.11598E14	373
4.11563E14	870
4.11529E14	457
4.11494E14	500
4.11459E14	394
4.11425E14	224
4.1139E14	178
4.11356E14	332
4.11321E14	648
4.11287E14	441
4.11252E14	357
4.11217E14	293
4.11183E14	227
4.11148E14	378
4.11114E14	589
4.11079E14	476
4.11045E14	406
4.1101E14	412
4.10976E14	370
4.10941E14	191
4.10906E14	282
4.10872E14	628
4.10837E14	565
4.10803E14	336
4.10768E14	328
4.10734E14	180
4.10699E14	267
4.10665E14	620
4.10631E14	595
4.10596E14	421
4.10562E14	394
4.10527E14	332
4.10493E14	335
4.10458E14	615
4.10424E14	510
4.10389E14	348
4.10355E14	389
4.10321E14	241
4.10286E14	267
4.10252E14	396
4.10217E14	551
4.10183E14	383
4.10148E14	458
4.10114E14	383
4.1008E14	158
4.10045E14	359
4.10011E14	725
4.09977E14	545
4.09942E14	506
4.09908E14	314
4.09874E14	267
4.09839E14	166
4.09805E14	301
4.09771E14	559
4.09736E14	442
4.09702E14	468
4.09668E14	394
4.09633E14	201
4.09599E14	457
4.09565E14	683
4.0953E14	526
4.09496E14	245
4.09462E14	369
4.09428E14	254
4.09393E14	305
4.09359E14	924
4.09325E14	419
4.09291E14	381
4.09256E14	376
4.09222E14	366
4.09188E14	274
4.09154E14	427
4.09119E14	684
4.09085E14	441
4.09051E14	325
4.09017E14	331
4.08983E14	265
4.08948E14	248
4.08914E14	685
4.0888E14	426
4.08846E14	318
4.08812E14	356
4.08777E14	388
4.08743E14	201
4.08709E14	303
4.08675E14	860
4.08641E14	498
4.08607E14	380
4.08573E14	434
4.08538E14	246
4.08504E14	317
4.0847E14	678
4.08436E14	486
4.08402E14	437
4.08368E14	322
4.08334E14	292
4.083E14	526
4.08266E14	665
4.08232E14	513
4.08198E14	365
4.08164E14	392
4.08129E14	418
4.08095E14	286
4.08061E14	317
4.08027E14	600
4.07993E14	470
4.07959E14	376
4.07925E14	250
4.07891E14	282
4.07857E14	372
4.07823E14	533
4.07789E14	529
4.07755E14	371
4.07721E14	420
4.07687E14	278
4.07653E14	192
4.07619E14	339
4.07585E14	707
4.07551E14	356
4.07517E14	479
4.07483E14	313
4.0745E14	215
4.07416E14	399
4.07382E14	920
4.07348E14	361
4.07314E14	356
4.0728E14	344
4.07246E14	223
4.07212E14	372
4.07178E14	706
4.07144E14	496
4.0711E14	408
4.07077E14	288
4.07043E14	310
4.07009E14	295
4.06975E14	452
4.06941E14	637
4.06907E14	565
4.06873E14	494
4.0684E14	357
4.06806E14	236
4.06772E14	402
4.06738E14	619
4.06704E14	340
4.0667E14	458
4.06637E14	317
4.06603E14	250
4.06569E14	218
4.06535E14	340
4.06501E14	820
4.06468E14	392
4.06434E14	434
4.064E14	435
4.06366E14	332
4.06333E14	473
4.06299E14	606
4.06265E14	442
4.06231E14	404
4.06198E14	325
4.06164E14	329
4.0613E14	366
4.06096E14	579
4.06063E14	503
4.06029E14	341
4.05995E14	343
4.05962E14	293
4.05928E14	149
4.05894E14	334
4.05861E14	685
4.05827E14	546
4.05793E14	344
4.0576E14	225
4.05726E14	230
4.05692E14	306
4.05659E14	667
4.05625E14	587
4.05591E14	366
4.05558E14	398
4.05524E14	254
4.05491E14	259
4.05457E14	551
4.05423E14	729
4.0539E14	508
4.05356E14	335
4.05323E14	363
4.05289E14	220
4.05255E14	304
4.05222E14	546
4.05188E14	553
4.05155E14	579
4.05121E14	298
4.05088E14	267
4.05054E14	433
4.05021E14	585
4.04987E14	493
4.04953E14	451
4.0492E14	566
4.04886E14	341
4.04853E14	350
4.04819E14	438
4.04786E14	856
4.04752E14	439
4.04719E14	330
4.04685E14	351
4.04652E14	197
4.04618E14	349
4.04585E14	750
4.04552E14	420
4.04518E14	523
4.04485E14	331
4.04451E14	312
4.04418E14	217
4.04384E14	376
4.04351E14	615
4.04317E14	523
4.04284E14	346
4.04251E14	320
4.04217E14	235
4.04184E14	324
4.0415E14	631
4.04117E14	507
4.04084E14	425
4.0405E14	418
4.04017E14	351
4.03984E14	374
4.0395E14	628
4.03917E14	429
4.03883E14	400
4.0385E14	335
4.03817E14	302
4.03783E14	213
4.0375E14	333
4.03717E14	578
4.03684E14	442
4.0365E14	387
4.03617E14	309
4.03584E14	260
4.0355E14	335
4.03517E14	670
4.03484E14	538
4.0345E14	385
4.03417E14	436
4.03384E14	305
4.03351E14	197
4.03317E14	338
4.03284E14	668
4.03251E14	407
4.03218E14	421
4.03184E14	347
4.03151E14	180
4.03118E14	420
4.03085E14	717
4.03052E14	482
4.03018E14	353
4.02985E14	356
4.02952E14	262
4.02919E14	332
4.02886E14	706
4.02852E14	475
4.02819E14	411
4.02786E14	453
4.02753E14	269
4.0272E14	318
4.02687E14	398
4.02653E14	641
4.0262E14	483
4.02587E14	402
4.02554E14	468
4.02521E14	337
4.02488E14	489
4.02455E14	625
4.02422E14	392
4.02388E14	374
4.02355E14	383
4.02322E14	307
4.02289E14	251
4.02256E14	331
4.02223E14	645
4.0219E14	513
4.02157E14	343
4.02124E14	245
4.02091E14	193
4.02058E14	441
4.02025E14	633
4.01992E14	538
4.01959E14	365
4.01926E14	274
4.01893E14	190
4.01859E14	430
4.01826E14	673
4.01793E14	547
4.0176E14	348
4.01727E14	408
4.01694E14	273
4.01662E14	136
4.01629E14	306
4.01596E14	593
4.01563E14	403
4.0153E14	364
4.01497E14	444
4.01464E14	218
4.01431E14	279
4.01398E14	687
4.01365E14	395
4.01332E14	336
4.01299E14	337
4.01266E14	310
4.01233E14	293
4.012E14	389
4.01167E14	957
4.01134E14	477
4.01102E14	424
4.01069E14	256
4.01036E14	205
4.01003E14	289
4.0097E14	654
4.00937E14	503
4.00904E14	512
4.00871E14	363
4.00839E14	335
4.00806E14	279
4.00773E14	269
4.0074E14	318
4.00707E14	307
4.00674E14	361
4.00642E14	427
4.00609E14	618
4.00576E14	389
4.00543E14	590
4.0051E14	489
4.00478E14	455
4.00445E14	345
4.00412E14	212
4.00379E14	261
4.00347E14	519
4.00314E14	444
4.00281E14	382
4.00248E14	312
4.00216E14	307
4.00183E14	269
4.0015E14	431
4.00117E14	597
4.00085E14	361
4.00052E14	320
4.00019E14	178
