Frequencia	Intensidade
9.99221E14	543
9.95902E14	405
9.92605E14	644
9.8933E14	474
9.86076E14	608
9.82844E14	408
9.79633E14	606
9.76443E14	405
9.73273E14	693
9.70124E14	411
9.66995E14	589
9.63887E14	496
9.60798E14	690
9.57729E14	457
9.5468E14	727
9.5165E14	529
9.48639E14	657
9.45647E14	487
9.42674E14	705
9.3972E14	472
9.36784E14	624
9.33866E14	462
9.30967E14	652
9.28085E14	664
9.25221E14	730
9.22375E14	513
9.19546E14	688
9.16735E14	459
9.13941E14	739
9.11163E14	570
9.08403E14	727
9.05659E14	477
9.02932E14	705
9.00221E14	511
8.97526E14	748
8.94848E14	527
8.92185E14	731
8.89538E14	451
8.86907E14	724
8.84291E14	597
8.81691E14	685
8.79106E14	618
8.76536E14	793
8.73981E14	509
8.71441E14	836
8.68916E14	594
8.66405E14	776
8.63908E14	604
8.61426E14	803
8.58959E14	559
8.56505E14	817
8.54065E14	608
8.5164E14	789
8.49228E14	594
8.46829E14	803
8.44444E14	612
8.42073E14	843
8.39714E14	633
8.37369E14	820
8.35037E14	533
8.32718E14	873
8.30412E14	631
8.28118E14	838
8.25838E14	669
8.23569E14	838
8.21313E14	513
8.1907E14	815
8.16839E14	707
8.14619E14	834
8.12412E14	741
8.10217E14	2128
8.08033E14	2258
8.05862E14	2618
8.03702E14	2552
8.01553E14	5018
7.99416E14	5261
7.9729E14	6210
7.95176E14	6508
7.93073E14	7462
7.90981E14	8605
7.88899E14	10143
7.86829E14	11680
7.8477E14	14510
7.82721E14	17037
7.80683E14	21291
7.78656E14	26500
7.76639E14	34523
7.74633E14	43866
7.72637E14	57182
7.70651E14	71182
7.68675E14	90190
7.6671E14	110473
7.64754E14	135913
7.62809E14	163144
7.60873E14	189557
7.58947E14	216153
7.57031E14	238453
7.55124E14	253181
7.53227E14	261371
7.5134E14	262860
7.49462E14	259655
7.47593E14	251741
7.45734E14	240100
7.43884E14	225399
7.42043E14	212365
7.40211E14	201189
7.38388E14	192215
7.36574E14	182547
7.34769E14	176492
7.32973E14	168401
7.31186E14	158675
7.29407E14	147328
7.27637E14	135816
7.25875E14	124218
7.24122E14	113555
7.22378E14	102222
7.20642E14	92528
7.18914E14	82822
7.17194E14	75893
7.15483E14	68782
7.1378E14	62697
7.12084E14	56429
7.10397E14	50380
7.08718E14	44596
7.07047E14	39823
7.05384E14	34900
7.03728E14	30908
7.0208E14	27009
7.0044E14	24615
6.98808E14	21415
6.97183E14	19973
6.95566E14	17541
6.93956E14	16477
6.92353E14	14625
6.90758E14	14012
6.89171E14	12679
6.8759E14	12123
6.86017E14	10969
6.84451E14	10383
6.82892E14	9519
6.8134E14	9276
6.79796E14	8397
6.78258E14	8410
6.76727E14	7698
6.75203E14	7462
6.73686E14	6893
6.72176E14	6885
6.70672E14	6434
6.69176E14	6804
6.67686E14	6206
6.66202E14	6098
6.64725E14	5745
6.63255E14	5984
6.61791E14	5585
6.60333E14	5777
6.58882E14	5215
6.57438E14	5631
6.55999E14	5220
6.54567E14	5543
6.53141E14	5065
6.51722E14	5326
6.50308E14	4921
6.48901E14	5007
6.475E14	4698
6.46104E14	5081
6.44715E14	4686
6.43332E14	4823
6.41954E14	4567
6.40583E14	4922
6.39217E14	4605
6.37858E14	4730
6.36503E14	4518
6.35155E14	4561
6.33813E14	4108
6.32476E14	4312
6.31144E14	4160
6.29819E14	4332
6.28498E14	4212
6.27184E14	4282
6.25875E14	3898
6.24571E14	4193
6.23273E14	4091
6.2198E14	4109
6.20692E14	3567
6.1941E14	3937
6.18133E14	3680
6.16861E14	3933
6.15595E14	3522
6.14334E14	3686
6.13077E14	3465
6.11826E14	3610
6.10581E14	3215
6.0934E14	3473
6.08104E14	3295
6.06873E14	3386
6.05647E14	1708
6.04426E14	2080
6.0321E14	1782
6.01999E14	836
6.00793E14	354
5.99592E14	942
5.98395E14	351
5.97203E14	827
5.96016E14	432
5.94834E14	948
5.93656E14	355
5.92483E14	869
5.91315E14	451
5.90151E14	715
5.88991E14	496
5.87837E14	930
5.86687E14	380
5.85541E14	1003
5.844E14	380
5.83263E14	697
5.8213E14	459
5.81002E14	836
5.79879E14	348
5.7876E14	992
5.77645E14	366
5.76534E14	846
5.75427E14	366
5.74325E14	818
5.73227E14	317
5.72133E14	869
5.71044E14	383
5.69958E14	810
5.68877E14	368
5.678E14	913
5.66726E14	417
5.65657E14	750
5.64592E14	433
5.63531E14	810
5.62474E14	350
5.61421E14	747
5.60372E14	361
5.59326E14	724
5.58285E14	288
5.57247E14	922
5.56214E14	437
5.55184E14	952
5.54158E14	433
5.53135E14	987
5.52117E14	584
5.51102E14	916
5.50091E14	356
5.49084E14	954
5.4808E14	388
5.4708E14	1044
5.46084E14	522
5.45091E14	1021
5.44102E14	445
5.43116E14	793
5.42134E14	527
5.41156E14	898
5.40181E14	484
5.39209E14	951
5.38241E14	515
5.37277E14	927
5.36316E14	481
5.35358E14	883
5.34404E14	498
5.33453E14	1075
5.32506E14	388
5.31562E14	1035
5.30621E14	405
5.29684E14	949
5.2875E14	493
5.27819E14	898
5.26892E14	551
5.25967E14	925
5.25046E14	527
5.24128E14	891
5.23214E14	525
5.22302E14	1070
5.21394E14	564
5.20489E14	867
5.19587E14	451
5.18688E14	1063
5.17793E14	512
5.169E14	906
5.1601E14	559
5.15124E14	1056
5.14241E14	543
5.1336E14	1077
5.12483E14	531
5.11608E14	1097
5.10737E14	505
5.09868E14	988
5.09003E14	535
5.0814E14	1121
5.0728E14	507
5.06424E14	1114
5.0557E14	594
5.04719E14	1326
5.03871E14	504
5.03025E14	1144
5.02183E14	537
5.01343E14	1014
5.00506E14	529
4.99672E14	1135
4.98841E14	600
4.98012E14	1106
4.97187E14	633
4.96363E14	1177
4.95543E14	615
4.94726E14	1240
4.93911E14	553
4.93098E14	1186
4.92289E14	549
4.91482E14	1104
4.90678E14	614
4.89876E14	1035
4.89077E14	537
4.8828E14	1088
4.87487E14	595
4.86695E14	1185
4.85907E14	695
4.8512E14	1107
4.84337E14	609
4.83556E14	1258
4.82777E14	862
4.82001E14	1120
4.81227E14	1160
4.80456E14	1186
4.79688E14	1195
4.78921E14	1259
4.78158E14	1505
4.77396E14	1241
4.76638E14	1386
4.75881E14	1164
4.75127E14	1300
4.74375E14	1167
4.73626E14	1236
4.72879E14	1198
4.72134E14	1190
4.71392E14	1244
4.70652E14	1400
4.69915E14	1277
4.69179E14	1390
4.68446E14	1057
4.67716E14	1359
4.66987E14	1186
4.66261E14	1325
4.65537E14	1058
4.64815E14	1240
4.64096E14	1342
4.63379E14	1092
4.62664E14	995
4.61951E14	1044
4.6124E14	992
4.60532E14	1115
4.59826E14	873
4.59121E14	926
4.5842E14	1051
4.5772E14	1060
4.57022E14	963
4.56327E14	1159
4.55633E14	889
4.54942E14	1346
4.54253E14	1043
4.53565E14	1123
4.5288E14	907
4.52197E14	1216
4.51516E14	1065
4.50837E14	1020
4.50161E14	1028
4.49486E14	1256
4.48813E14	1033
4.48142E14	1206
4.47473E14	1084
4.46807E14	1172
4.46142E14	1071
4.45479E14	1151
4.44818E14	988
4.44159E14	1373
4.43502E14	1083
4.42847E14	1107
4.42194E14	912
4.41543E14	1114
4.40894E14	973
4.40246E14	1224
4.39601E14	908
4.38957E14	1192
4.38316E14	1071
4.37676E14	1242
4.37038E14	1069
4.36402E14	1086
4.35768E14	1027
4.35135E14	1227
4.34505E14	1087
4.33876E14	1311
4.33249E14	992
4.32624E14	1180
4.32E14	1222
4.31379E14	1136
4.30759E14	1155
4.30141E14	1352
4.29525E14	1093
4.28911E14	1294
4.28298E14	1250
4.27687E14	1061
4.27078E14	1186
4.2647E14	1215
4.25865E14	939
4.25261E14	1071
4.24658E14	1252
4.24058E14	1375
4.23459E14	882
4.22862E14	1346
4.22266E14	1187
4.21672E14	1463
4.2108E14	1302
4.2049E14	1363
4.19901E14	1249
4.19314E14	1518
4.18728E14	1116
4.18144E14	1362
4.17562E14	1396
4.16981E14	1372
4.16402E14	1332
4.15825E14	1487
4.15249E14	1219
4.14674E14	1388
4.14102E14	1119
4.13531E14	1650
4.12961E14	1203
4.12393E14	1483
4.11827E14	1488
4.11262E14	1623
4.10699E14	1313
4.10137E14	1601
4.09576E14	1827
4.09018E14	1670
4.08461E14	1141
4.07905E14	1519
4.07351E14	1295
4.06798E14	1349
4.06247E14	1390
4.05697E14	1498
4.05149E14	1306
4.04602E14	1472
4.04057E14	1379
4.03513E14	1814
4.02971E14	1339
4.0243E14	1124
4.01891E14	1056
4.01353E14	1450
4.00816E14	1068
4.00281E14	1188