Frequencia	Intensidade
7.49972E14	301
7.49857E14	223
7.49742E14	260
7.49627E14	467
7.49512E14	338
7.49397E14	343
7.49282E14	243
7.49168E14	272
7.49053E14	229
7.48938E14	234
7.48824E14	406
7.48709E14	390
7.48594E14	269
7.4848E14	265
7.48365E14	205
7.48251E14	268
7.48136E14	508
7.48022E14	357
7.47908E14	336
7.47793E14	300
7.47679E14	423
7.47565E14	228
7.47451E14	249
7.47336E14	650
7.47222E14	351
7.47108E14	320
7.46994E14	244
7.4688E14	203
7.46766E14	274
7.46652E14	448
7.46538E14	378
7.46424E14	260
7.4631E14	289
7.46196E14	181
7.46082E14	266
7.45969E14	500
7.45855E14	375
7.45741E14	461
7.45628E14	272
7.45514E14	231
7.454E14	228
7.45287E14	332
7.45173E14	460
7.4506E14	350
7.44946E14	237
7.44833E14	240
7.44719E14	193
7.44606E14	212
7.44493E14	533
7.44379E14	403
7.44266E14	300
7.44153E14	236
7.4404E14	227
7.43927E14	150
7.43813E14	296
7.437E14	437
7.43587E14	345
7.43474E14	268
7.43361E14	204
7.43248E14	181
7.43135E14	305
7.43023E14	457
7.4291E14	387
7.42797E14	336
7.42684E14	256
7.42571E14	148
7.42459E14	284
7.42346E14	427
7.42233E14	343
7.42121E14	327
7.42008E14	260
7.41896E14	325
7.41783E14	291
7.41671E14	261
7.41558E14	450
7.41446E14	359
7.41333E14	319
7.41221E14	317
7.41109E14	309
7.40997E14	247
7.40884E14	422
7.40772E14	427
7.4066E14	391
7.40548E14	256
7.40436E14	195
7.40324E14	190
7.40212E14	258
7.401E14	381
7.39988E14	332
7.39876E14	297
7.39764E14	331
7.39652E14	270
7.3954E14	242
7.39428E14	248
7.39317E14	220
7.39205E14	172
7.39093E14	249
7.38982E14	166
7.3887E14	320
7.38758E14	344
7.38647E14	304
7.38535E14	360
7.38424E14	270
7.38312E14	171
7.38201E14	265
7.3809E14	239
7.37978E14	394
7.37867E14	410
7.37756E14	332
7.37644E14	412
7.37533E14	234
7.37422E14	285
7.37311E14	461
7.372E14	402
7.37089E14	319
7.36978E14	238
7.36867E14	280
7.36756E14	204
7.36645E14	253
7.36534E14	412
7.36423E14	352
7.36312E14	257
7.36201E14	272
7.3609E14	189
7.3598E14	275
7.35869E14	427
7.35758E14	337
7.35648E14	280
7.35537E14	304
7.35426E14	126
7.35316E14	328
7.35205E14	420
7.35095E14	330
7.34984E14	296
7.34874E14	287
7.34764E14	344
7.34653E14	228
7.34543E14	342
7.34433E14	495
7.34322E14	401
7.34212E14	284
7.34102E14	184
7.33992E14	198
7.33882E14	289
7.33772E14	344
7.33661E14	338
7.33551E14	403
7.33441E14	353
7.33332E14	313
7.33222E14	162
7.33112E14	229
7.33002E14	484
7.32892E14	359
7.32782E14	354
7.32672E14	213
7.32563E14	245
7.32453E14	281
7.32343E14	414
7.32234E14	501
7.32124E14	416
7.32015E14	228
7.31905E14	171
7.31796E14	259
7.31686E14	412
7.31577E14	311
7.31467E14	244
7.31358E14	252
7.31249E14	222
7.31139E14	206
7.3103E14	385
7.30921E14	504
7.30812E14	400
7.30702E14	307
7.30593E14	352
7.30484E14	209
7.30375E14	232
7.30266E14	497
7.30157E14	423
7.30048E14	301
7.29939E14	282
7.2983E14	240
7.29721E14	147
7.29613E14	486
7.29504E14	531
7.29395E14	363
7.29286E14	312
7.29177E14	282
7.29069E14	247
7.2896E14	382
7.28852E14	554
7.28743E14	380
7.28634E14	302
7.28526E14	346
7.28417E14	198
7.28309E14	250
7.28201E14	526
7.28092E14	446
7.27984E14	344
7.27875E14	306
7.27767E14	197
7.27659E14	363
7.27551E14	319
7.27442E14	476
7.27334E14	371
7.27226E14	309
7.27118E14	327
7.2701E14	313
7.26902E14	322
7.26794E14	402
7.26686E14	379
7.26578E14	356
7.2647E14	317
7.26362E14	258
7.26254E14	209
7.26147E14	470
7.26039E14	458
7.25931E14	378
7.25823E14	227
7.25716E14	362
7.25608E14	292
7.255E14	319
7.25393E14	397
7.25285E14	380
7.25178E14	281
7.2507E14	359
7.24963E14	146
7.24855E14	301
7.24748E14	523
7.24641E14	446
7.24533E14	274
7.24426E14	348
7.24319E14	289
7.24211E14	215
7.24104E14	291
7.23997E14	514
7.2389E14	506
7.23783E14	300
7.23676E14	221
7.23569E14	231
7.23462E14	300
7.23355E14	579
7.23248E14	328
7.23141E14	295
7.23034E14	302
7.22927E14	333
7.2282E14	236
7.22713E14	350
7.22607E14	589
7.225E14	378
7.22393E14	374
7.22287E14	348
7.2218E14	334
7.22073E14	280
7.21967E14	566
7.2186E14	465
7.21754E14	395
7.21647E14	318
7.21541E14	179
7.21434E14	206
7.21328E14	430
7.21222E14	389
7.21115E14	247
7.21009E14	372
7.20903E14	294
7.20797E14	168
7.2069E14	368
7.20584E14	430
7.20478E14	470
7.20372E14	338
7.20266E14	446
7.2016E14	199
7.20054E14	379
7.19948E14	386
7.19842E14	413
7.19736E14	329
7.1963E14	281
7.19524E14	296
7.19418E14	269
7.19313E14	287
7.19207E14	415
7.19101E14	312
7.18995E14	288
7.1889E14	238
7.18784E14	160
7.18679E14	365
7.18573E14	483
7.18467E14	388
7.18362E14	259
7.18256E14	313
7.18151E14	174
7.18046E14	232
7.1794E14	394
7.17835E14	328
7.17729E14	270
7.17624E14	352
7.17519E14	311
7.17414E14	196
7.17308E14	327
7.17203E14	518
7.17098E14	372
7.16993E14	338
7.16888E14	416
7.16783E14	333
7.16678E14	370
7.16573E14	477
7.16468E14	399
7.16363E14	328
7.16258E14	313
7.16153E14	248
7.16048E14	302
7.15944E14	289
7.15839E14	516
7.15734E14	439
7.15629E14	324
7.15525E14	254
7.1542E14	190
7.15315E14	401
7.15211E14	548
7.15106E14	362
7.15002E14	371
7.14897E14	311
7.14793E14	204
7.14688E14	252
7.14584E14	461
7.1448E14	393
7.14375E14	278
7.14271E14	264
7.14167E14	271
7.14062E14	232
7.13958E14	341
7.13854E14	395
7.1375E14	320
7.13646E14	399
7.13542E14	256
7.13438E14	144
7.13334E14	246
7.1323E14	599
7.13126E14	635
7.13022E14	395
7.12918E14	337
7.12814E14	324
7.1271E14	283
7.12606E14	349
7.12502E14	430
7.12399E14	358
7.12295E14	385
7.12191E14	262
7.12087E14	197
7.11984E14	270
7.1188E14	476
7.11777E14	349
7.11673E14	276
7.11569E14	354
7.11466E14	192
7.11363E14	220
7.11259E14	465
7.11156E14	445
7.11052E14	351
7.10949E14	320
7.10846E14	270
7.10742E14	243
7.10639E14	334
7.10536E14	478
7.10433E14	342
7.1033E14	353
7.10226E14	265
7.10123E14	224
7.1002E14	350
7.09917E14	489
7.09814E14	491
7.09711E14	348
7.09608E14	374
7.09505E14	277
7.09402E14	214
7.09299E14	358
7.09197E14	541
7.09094E14	417
7.08991E14	289
7.08888E14	257
7.08786E14	281
7.08683E14	384
7.0858E14	530
7.08478E14	473
7.08375E14	358
7.08272E14	316
7.0817E14	183
7.08067E14	285
7.07965E14	457
7.07862E14	413
7.0776E14	321
7.07658E14	306
7.07555E14	292
7.07453E14	274
7.07351E14	293
7.07248E14	571
7.07146E14	330
7.07044E14	363
7.06942E14	314
7.0684E14	221
7.06737E14	283
7.06635E14	439
7.06533E14	472
7.06431E14	360
7.06329E14	255
7.06227E14	401
7.06125E14	239
7.06023E14	261
7.05922E14	481
7.0582E14	507
7.05718E14	451
7.05616E14	306
7.05514E14	269
7.05413E14	304
7.05311E14	546
7.05209E14	403
7.05107E14	325
7.05006E14	269
7.04904E14	238
7.04803E14	378
7.04701E14	553
7.046E14	471
7.04498E14	626
7.04397E14	350
7.04295E14	311
7.04194E14	325
7.04093E14	461
7.03991E14	614
7.0389E14	395
7.03789E14	341
7.03687E14	334
7.03586E14	267
7.03485E14	273
7.03384E14	520
7.03283E14	501
7.03182E14	445
7.03081E14	435
7.0298E14	270
7.02878E14	393
7.02778E14	324
7.02677E14	591
7.02576E14	417
7.02475E14	331
7.02374E14	251
7.02273E14	258
7.02172E14	320
7.02071E14	589
7.01971E14	409
7.0187E14	365
7.01769E14	368
7.01669E14	173
7.01568E14	302
7.01467E14	488
7.01367E14	425
7.01266E14	345
7.01166E14	327
7.01065E14	226
7.00965E14	282
7.00864E14	335
7.00764E14	525
7.00664E14	377
7.00563E14	316
7.00463E14	277
7.00363E14	324
7.00262E14	307
7.00162E14	532
7.00062E14	385
6.99962E14	362
6.99862E14	356
6.99761E14	297
6.99661E14	243
6.99561E14	441
6.99461E14	531
6.99361E14	365
6.99261E14	310
6.99161E14	330
6.99061E14	207
6.98962E14	350
6.98862E14	602
6.98762E14	389
6.98662E14	391
6.98562E14	468
6.98463E14	301
6.98363E14	346
6.98263E14	474
6.98163E14	453
6.98064E14	369
6.97964E14	343
6.97865E14	292
6.97765E14	367
6.97666E14	348
6.97566E14	652
6.97467E14	403
6.97367E14	348
6.97268E14	325
6.97168E14	267
6.97069E14	363
6.9697E14	534
6.9687E14	404
6.96771E14	387
6.96672E14	294
6.96573E14	566
6.96474E14	335
6.96374E14	281
6.96275E14	425
6.96176E14	340
6.96077E14	304
6.95978E14	303
6.95879E14	259
6.9578E14	407
6.95681E14	437
6.95582E14	385
6.95483E14	386
6.95384E14	286
6.95286E14	174
6.95187E14	283
6.95088E14	502
6.94989E14	379
6.9489E14	406
6.94792E14	310
6.94693E14	213
6.94594E14	279
6.94496E14	351
6.94397E14	559
6.94299E14	453
6.942E14	368
6.94102E14	393
6.94003E14	209
6.93905E14	308
6.93806E14	410
6.93708E14	414
6.9361E14	438
6.93511E14	415
6.93413E14	312
6.93315E14	259
6.93216E14	335
6.93118E14	571
6.9302E14	616
6.92922E14	427
6.92824E14	278
6.92726E14	200
6.92627E14	391
6.92529E14	712
6.92431E14	378
6.92333E14	363
6.92235E14	367
6.92137E14	159
6.92039E14	389
6.91942E14	571
6.91844E14	438
6.91746E14	409
6.91648E14	387
6.9155E14	342
6.91453E14	250
6.91355E14	324
6.91257E14	506
6.91159E14	505
6.91062E14	365
6.90964E14	337
6.90867E14	264
6.90769E14	439
6.90672E14	626
6.90574E14	401
6.90477E14	419
6.90379E14	390
6.90282E14	265
6.90184E14	290
6.90087E14	389
6.8999E14	531
6.89892E14	520
6.89795E14	336
6.89698E14	250
6.896E14	278
6.89503E14	280
6.89406E14	496
6.89309E14	505
6.89212E14	344
6.89115E14	450
6.89018E14	312
6.88921E14	381
6.88824E14	501
6.88727E14	443
6.8863E14	385
6.88533E14	432
6.88436E14	363
6.88339E14	274
6.88242E14	358
6.88145E14	540
6.88048E14	345
6.87952E14	361
6.87855E14	417
6.87758E14	268
6.87662E14	420
6.87565E14	546
6.87468E14	354
6.87372E14	322
6.87275E14	335
6.87179E14	332
6.87082E14	268
6.86986E14	338
6.86889E14	527
6.86793E14	361
6.86696E14	406
6.866E14	310
6.86503E14	200
6.86407E14	313
6.86311E14	569
6.86215E14	572
6.86118E14	480
6.86022E14	352
6.85926E14	344
6.8583E14	318
6.85734E14	637
6.85637E14	502
6.85541E14	393
6.85445E14	383
6.85349E14	337
6.85253E14	256
6.85157E14	250
6.85061E14	504
6.84965E14	453
6.84869E14	467
6.84774E14	350
6.84678E14	371
6.84582E14	324
6.84486E14	518
6.8439E14	482
6.84295E14	334
6.84199E14	300
6.84103E14	276
6.84008E14	254
6.83912E14	421
6.83816E14	602
6.83721E14	574
6.83625E14	360
6.8353E14	327
6.83434E14	313
6.83339E14	386
6.83243E14	472
6.83148E14	466
6.83052E14	356
6.82957E14	420
6.82862E14	260
6.82766E14	334
6.82671E14	601
6.82576E14	471
6.82481E14	401
6.82385E14	420
6.8229E14	319
6.82195E14	219
6.821E14	302
6.82005E14	536
6.8191E14	459
6.81815E14	351
6.8172E14	274
6.81625E14	290
6.8153E14	417
6.81435E14	575
6.8134E14	519
6.81245E14	417
6.8115E14	433
6.81055E14	395
6.8096E14	319
6.80866E14	314
6.80771E14	502
6.80676E14	535
6.80581E14	416
6.80487E14	349
6.80392E14	210
6.80298E14	347
6.80203E14	640
6.80108E14	417
6.80014E14	466
6.79919E14	409
6.79825E14	263
6.7973E14	286
6.79636E14	750
6.79541E14	464
6.79447E14	320
6.79353E14	302
6.79258E14	342
6.79164E14	342
6.7907E14	349
6.78976E14	515
6.78881E14	397
6.78787E14	325
6.78693E14	376
6.78599E14	237
6.78505E14	432
6.78411E14	495
6.78316E14	535
6.78222E14	437
6.78128E14	397
6.78034E14	300
6.7794E14	314
6.77846E14	323
6.77753E14	489
6.77659E14	437
6.77565E14	332
6.77471E14	360
6.77377E14	342
6.77283E14	478
6.7719E14	552
6.77096E14	423
6.77002E14	326
6.76908E14	309
6.76815E14	251
6.76721E14	403
6.76628E14	561
6.76534E14	441
6.7644E14	505
6.76347E14	398
6.76253E14	295
6.7616E14	356
6.76066E14	370
6.75973E14	516
6.7588E14	434
6.75786E14	450
6.75693E14	325
6.756E14	255
6.75506E14	332
6.75413E14	626
6.7532E14	517
6.75227E14	452
6.75133E14	395
6.7504E14	320
6.74947E14	240
6.74854E14	404
6.74761E14	546
6.74668E14	565
6.74575E14	368
6.74482E14	426
6.74389E14	396
6.74296E14	333
6.74203E14	558
6.7411E14	455
6.74017E14	371
6.73924E14	273
6.73831E14	249
6.73738E14	363
6.73646E14	495
6.73553E14	378
6.7346E14	420
6.73367E14	492
6.73275E14	404
6.73182E14	405
6.7309E14	316
6.72997E14	546
6.72904E14	546
6.72812E14	368
6.72719E14	311
6.72627E14	221
6.72534E14	355
6.72442E14	634
6.72349E14	572
6.72257E14	435
6.72165E14	417
6.72072E14	373
6.7198E14	307
6.71888E14	384
6.71795E14	553
6.71703E14	420
6.71611E14	470
6.71519E14	358
6.71427E14	356
6.71334E14	489
6.71242E14	668
6.7115E14	462
6.71058E14	419
6.70966E14	367
6.70874E14	249
6.70782E14	390
6.7069E14	533
6.70598E14	495
6.70506E14	433
6.70414E14	349
6.70322E14	385
6.70231E14	298
6.70139E14	435
6.70047E14	529
6.69955E14	511
6.69863E14	378
6.69772E14	385
6.6968E14	305
6.69588E14	340
6.69497E14	514
6.69405E14	435
6.69313E14	376
6.69222E14	387
6.6913E14	373
6.69039E14	286
6.68947E14	408
6.68856E14	606
6.68764E14	427
6.68673E14	361
6.68582E14	271
6.6849E14	250
6.68399E14	540
6.68308E14	559
6.68216E14	555
6.68125E14	410
6.68034E14	383
6.67943E14	263
6.67851E14	394
6.6776E14	499
6.67669E14	538
6.67578E14	366
6.67487E14	349
6.67396E14	426
6.67305E14	354
6.67214E14	296
6.67123E14	530
6.67032E14	453
6.66941E14	416
6.6685E14	349
6.66759E14	255
6.66668E14	432
6.66577E14	698
6.66486E14	526
6.66396E14	543
6.66305E14	387
6.66214E14	229
6.66123E14	305
6.66033E14	451
6.65942E14	743
6.65851E14	532
6.65761E14	319
6.6567E14	334
6.6558E14	280
6.65489E14	413
6.65398E14	749
6.65308E14	551
6.65217E14	421
6.65127E14	515
6.65037E14	271
6.64946E14	487
6.64856E14	608
6.64765E14	445
6.64675E14	363
6.64585E14	387
6.64495E14	355
6.64404E14	335
6.64314E14	406
6.64224E14	605
6.64134E14	540
6.64044E14	390
6.63953E14	299
6.63863E14	322
6.63773E14	364
6.63683E14	554
6.63593E14	445
6.63503E14	360
6.63413E14	415
6.63323E14	352
6.63233E14	371
6.63143E14	348
6.63053E14	666
6.62964E14	658
6.62874E14	353
6.62784E14	317
6.62694E14	336
6.62604E14	424
6.62515E14	732
6.62425E14	493
6.62335E14	445
6.62246E14	487
6.62156E14	266
6.62066E14	438
6.61977E14	584
6.61887E14	484
6.61798E14	407
6.61708E14	424
6.61618E14	487
6.61529E14	318
6.6144E14	370
6.6135E14	513
6.61261E14	559
6.61171E14	373
6.61082E14	321
6.60993E14	438
6.60903E14	383
6.60814E14	590
6.60725E14	474
6.60636E14	482
6.60546E14	449
6.60457E14	306
6.60368E14	270
6.60279E14	415
6.6019E14	511
6.60101E14	496
6.60012E14	407
6.59923E14	458
6.59834E14	294
6.59745E14	377
6.59656E14	604
6.59567E14	482
6.59478E14	465
6.59389E14	386
6.593E14	227
6.59211E14	374
6.59122E14	570
6.59033E14	445
6.58945E14	403
6.58856E14	344
6.58767E14	350
6.58678E14	391
6.5859E14	403
6.58501E14	535
6.58413E14	462
6.58324E14	356
6.58235E14	454
6.58147E14	439
6.58058E14	424
6.5797E14	313
6.57881E14	297
6.57793E14	324
6.57704E14	349
6.57616E14	365
6.57527E14	275
6.57439E14	485
6.57351E14	593
6.57262E14	385
6.57174E14	494
6.57086E14	420
6.56998E14	357
6.56909E14	445
6.56821E14	644
6.56733E14	602
6.56645E14	437
6.56557E14	295
6.56469E14	262
6.5638E14	363
6.56292E14	532
6.56204E14	508
6.56116E14	474
6.56028E14	426
6.5594E14	502
6.55852E14	440
6.55765E14	414
6.55677E14	542
6.55589E14	502
6.55501E14	386
6.55413E14	364
6.55325E14	468
6.55237E14	350
6.5515E14	663
6.55062E14	409
6.54974E14	448
6.54887E14	359
6.54799E14	365
6.54711E14	355
6.54624E14	387
6.54536E14	508
6.54448E14	566
6.54361E14	481
6.54273E14	376
6.54186E14	242
6.54098E14	368
6.54011E14	598
6.53924E14	472
6.53836E14	475
6.53749E14	390
6.53661E14	195
6.53574E14	352
6.53487E14	577
6.53399E14	581
6.53312E14	474
6.53225E14	437
6.53138E14	483
6.53051E14	425
6.52963E14	358
6.52876E14	637
6.52789E14	463
6.52702E14	400
6.52615E14	300
6.52528E14	313
6.52441E14	386
6.52354E14	559
6.52267E14	472
6.5218E14	373
6.52093E14	567
6.52006E14	401
6.51919E14	251
6.51832E14	352
6.51745E14	593
6.51659E14	504
6.51572E14	393
6.51485E14	451
6.51398E14	315
6.51311E14	412
6.51225E14	676
6.51138E14	438
6.51051E14	398
6.50965E14	476
6.50878E14	372
6.50792E14	452
6.50705E14	545
6.50618E14	432
6.50532E14	403
6.50445E14	433
6.50359E14	343
6.50272E14	313
6.50186E14	389
6.501E14	587
6.50013E14	496
6.49927E14	406
6.49841E14	365
6.49754E14	237
6.49668E14	390
6.49582E14	617
6.49495E14	454
6.49409E14	481
6.49323E14	403
6.49237E14	369
6.49151E14	313
6.49064E14	435
6.48978E14	619
6.48892E14	491
6.48806E14	419
6.4872E14	300
6.48634E14	303
6.48548E14	396
6.48462E14	644
6.48376E14	711
6.4829E14	531
6.48204E14	418
6.48118E14	404
6.48033E14	447
6.47947E14	630
6.47861E14	445
6.47775E14	391
6.47689E14	357
6.47604E14	384
6.47518E14	303
6.47432E14	475
6.47347E14	535
6.47261E14	589
6.47175E14	580
6.4709E14	443
6.47004E14	340
6.46918E14	314
6.46833E14	558
6.46747E14	578
6.46662E14	506
6.46576E14	479
6.46491E14	384
6.46406E14	329
6.4632E14	254
6.46235E14	645
6.46149E14	545
6.46064E14	510
6.45979E14	396
6.45893E14	335
6.45808E14	519
6.45723E14	719
6.45638E14	538
6.45552E14	499
6.45467E14	466
6.45382E14	414
6.45297E14	415
6.45212E14	618
6.45127E14	583
6.45042E14	462
6.44957E14	359
6.44872E14	310
6.44787E14	319
6.44702E14	408
6.44617E14	563
6.44532E14	444
6.44447E14	394
6.44362E14	288
6.44277E14	462
6.44192E14	457
6.44107E14	607
6.44023E14	616
6.43938E14	494
6.43853E14	398
6.43768E14	358
6.43684E14	365
6.43599E14	373
6.43514E14	572
6.4343E14	465
6.43345E14	452
6.4326E14	410
6.43176E14	298
6.43091E14	476
6.43007E14	573
6.42922E14	446
6.42838E14	420
6.42753E14	476
6.42669E14	272
6.42584E14	334
6.425E14	593
6.42416E14	606
6.42331E14	430
6.42247E14	434
6.42163E14	322
6.42078E14	396
6.41994E14	436
6.4191E14	613
6.41826E14	505
6.41741E14	407
6.41657E14	335
6.41573E14	383
6.41489E14	428
6.41405E14	518
6.41321E14	433
6.41237E14	493
6.41153E14	478
6.41068E14	424
6.40984E14	340
6.409E14	405
6.40817E14	614
6.40733E14	648
6.40649E14	456
6.40565E14	404
6.40481E14	287
6.40397E14	443
6.40313E14	674
6.40229E14	416
6.40146E14	505
6.40062E14	379
6.39978E14	284
6.39894E14	353
6.39811E14	630
6.39727E14	451
6.39643E14	401
6.3956E14	443
6.39476E14	404
6.39393E14	315
6.39309E14	470
6.39225E14	626
6.39142E14	622
6.39058E14	469
6.38975E14	330
6.38891E14	319
6.38808E14	408
6.38725E14	483
6.38641E14	363
6.38558E14	407
6.38475E14	464
6.38391E14	399
6.38308E14	288
6.38225E14	402
6.38141E14	551
6.38058E14	449
6.37975E14	383
6.37892E14	333
6.37809E14	307
6.37725E14	403
6.37642E14	681
6.37559E14	497
6.37476E14	391
6.37393E14	397
6.3731E14	308
6.37227E14	423
6.37144E14	552
6.37061E14	559
6.36978E14	407
6.36895E14	513
6.36812E14	466
6.36729E14	341
6.36646E14	420
6.36564E14	589
6.36481E14	503
6.36398E14	408
6.36315E14	375
6.36232E14	356
6.3615E14	414
6.36067E14	492
6.35984E14	452
6.35901E14	484
6.35819E14	458
6.35736E14	389
6.35654E14	430
6.35571E14	440
6.35488E14	579
6.35406E14	463
6.35323E14	424
6.35241E14	382
6.35158E14	374
6.35076E14	522
6.34993E14	566
6.34911E14	453
6.34829E14	396
6.34746E14	345
6.34664E14	346
6.34582E14	405
6.34499E14	559
6.34417E14	489
6.34335E14	496
6.34252E14	484
6.3417E14	384
6.34088E14	301
6.34006E14	488
6.33924E14	706
6.33842E14	495
6.33759E14	549
6.33677E14	355
6.33595E14	367
6.33513E14	390
6.33431E14	582
6.33349E14	456
6.33267E14	508
6.33185E14	427
6.33103E14	386
6.33021E14	366
6.32939E14	690
6.32857E14	731
6.32776E14	605
6.32694E14	380
6.32612E14	398
6.3253E14	342
6.32448E14	439
6.32367E14	614
6.32285E14	531
6.32203E14	508
6.32121E14	426
6.3204E14	282
6.31958E14	354
6.31876E14	581
6.31795E14	582
6.31713E14	458
6.31632E14	560
6.3155E14	425
6.31469E14	412
6.31387E14	522
6.31306E14	670
6.31224E14	440
6.31143E14	481
6.31061E14	404
6.3098E14	416
6.30898E14	361
6.30817E14	910
6.30736E14	570
6.30654E14	458
6.30573E14	440
6.30492E14	460
6.30411E14	386
6.30329E14	443
6.30248E14	603
6.30167E14	491
6.30086E14	498
6.30005E14	412
6.29924E14	363
6.29842E14	481
6.29761E14	744
6.2968E14	577
6.29599E14	458
6.29518E14	372
6.29437E14	324
6.29356E14	376
6.29275E14	512
6.29194E14	463
6.29113E14	438
6.29032E14	500
6.28952E14	464
6.28871E14	424
6.2879E14	382
6.28709E14	561
6.28628E14	352
6.28548E14	372
6.28467E14	368
6.28386E14	326
6.28305E14	372
6.28225E14	472
6.28144E14	378
6.28063E14	334
6.27983E14	284
6.27902E14	366
6.27821E14	386
6.27741E14	502
6.2766E14	488
6.2758E14	398
6.27499E14	325
6.27419E14	354
6.27338E14	457
6.27258E14	420
6.27177E14	452
6.27097E14	428
6.27017E14	418
6.26936E14	312
6.26856E14	272
6.26776E14	423
6.26695E14	530
6.26615E14	404
6.26535E14	366
6.26455E14	304
6.26374E14	328
6.26294E14	530
6.26214E14	391
6.26134E14	474
6.26054E14	448
6.25974E14	348
6.25893E14	362
6.25813E14	448
6.25733E14	357
6.25653E14	419
6.25573E14	387
6.25493E14	355
6.25413E14	296
6.25333E14	350
6.25253E14	462
6.25174E14	422
6.25094E14	459
6.25014E14	401
6.24934E14	336
6.24854E14	409
6.24774E14	464
6.24695E14	430
6.24615E14	495
6.24535E14	362
6.24455E14	322
6.24376E14	209
6.24296E14	338
6.24216E14	476
6.24137E14	409
6.24057E14	251
6.23977E14	307
6.23898E14	163
6.23818E14	209
6.23739E14	576
6.23659E14	403
6.2358E14	330
6.235E14	301
6.23421E14	152
6.23341E14	191
6.23262E14	538
6.23182E14	329
6.23103E14	281
6.23024E14	211
6.22944E14	228
6.22865E14	168
6.22786E14	244
6.22706E14	435
6.22627E14	349
6.22548E14	275
6.22469E14	352
6.22389E14	155
6.2231E14	181
6.22231E14	419
6.22152E14	331
6.22073E14	212
6.21994E14	263
6.21915E14	270
6.21836E14	178
6.21757E14	400
6.21678E14	526
6.21599E14	386
6.2152E14	350
6.21441E14	228
6.21362E14	189
6.21283E14	210
6.21204E14	443
6.21125E14	313
6.21046E14	298
6.20967E14	226
6.20888E14	158
6.2081E14	247
6.20731E14	441
6.20652E14	441
6.20573E14	374
6.20495E14	314
6.20416E14	174
6.20337E14	181
6.20259E14	200
6.2018E14	445
6.20101E14	349
6.20023E14	248
6.19944E14	207
6.19866E14	142
6.19787E14	297
6.19709E14	550
6.1963E14	394
6.19552E14	281
6.19473E14	298
6.19395E14	162
6.19316E14	138
6.19238E14	332
6.19159E14	506
6.19081E14	331
6.19003E14	254
6.18924E14	258
6.18846E14	151
6.18768E14	252
6.1869E14	491
6.18611E14	330
6.18533E14	263
6.18455E14	238
6.18377E14	283
6.18299E14	234
6.1822E14	464
6.18142E14	280
6.18064E14	224
6.17986E14	289
6.17908E14	286
6.1783E14	139
6.17752E14	291
6.17674E14	542
6.17596E14	589
6.17518E14	344
6.1744E14	306
6.17362E14	158
6.17284E14	214
6.17206E14	449
6.17129E14	312
6.17051E14	392
6.16973E14	313
6.16895E14	223
6.16817E14	195
6.16739E14	183
6.16662E14	506
6.16584E14	468
6.16506E14	277
6.16429E14	276
6.16351E14	155
6.16273E14	181
6.16196E14	509
6.16118E14	467
6.1604E14	333
6.15963E14	295
6.15885E14	224
6.15808E14	249
6.1573E14	507
6.15653E14	336
6.15575E14	349
6.15498E14	373
6.1542E14	241
6.15343E14	140
6.15266E14	347
6.15188E14	471
6.15111E14	381
6.15033E14	273
6.14956E14	229
6.14879E14	200
6.14802E14	270
6.14724E14	610
6.14647E14	358
6.1457E14	295
6.14493E14	258
6.14415E14	287
6.14338E14	174
6.14261E14	345
6.14184E14	550
6.14107E14	329
6.1403E14	370
6.13953E14	302
6.13876E14	153
6.13799E14	213
6.13722E14	484
6.13645E14	387
6.13568E14	331
6.13491E14	368
6.13414E14	194
6.13337E14	296
6.1326E14	545
6.13183E14	396
6.13106E14	313
6.13029E14	262
6.12953E14	269
6.12876E14	237
6.12799E14	231
6.12722E14	508
6.12646E14	373
6.12569E14	323
6.12492E14	323
6.12415E14	150
6.12339E14	256
6.12262E14	610
6.12186E14	374
6.12109E14	311
6.12032E14	254
6.11956E14	231
6.11879E14	270
6.11803E14	331
6.11726E14	519
6.1165E14	433
6.11573E14	375
6.11497E14	267
6.1142E14	169
6.11344E14	261
6.11268E14	399
6.11191E14	347
6.11115E14	239
6.11038E14	343
6.10962E14	187
6.10886E14	285
6.1081E14	467
6.10733E14	399
6.10657E14	285
6.10581E14	394
6.10505E14	249
6.10428E14	187
6.10352E14	330
6.10276E14	572
6.102E14	432
6.10124E14	301
6.10048E14	309
6.09972E14	212
6.09896E14	388
6.0982E14	502
6.09744E14	346
6.09668E14	258
6.09592E14	280
6.09516E14	189
6.0944E14	159
6.09364E14	355
6.09288E14	524
6.09212E14	439
6.09136E14	307
6.0906E14	216
6.08984E14	141
6.08909E14	304
6.08833E14	484
6.08757E14	414
6.08681E14	274
6.08606E14	340
6.0853E14	171
6.08454E14	213
6.08379E14	505
6.08303E14	403
6.08227E14	289
6.08152E14	346
6.08076E14	319
6.08E14	173
6.07925E14	273
6.07849E14	512
6.07774E14	303
6.07698E14	311
6.07623E14	331
6.07547E14	154
6.07472E14	237
6.07396E14	532
6.07321E14	430
6.07246E14	300
6.0717E14	463
6.07095E14	262
6.0702E14	208
6.06944E14	195
6.06869E14	543
6.06794E14	516
6.06718E14	290
6.06643E14	281
6.06568E14	121
6.06493E14	475
6.06418E14	636
6.06342E14	378
6.06267E14	348
6.06192E14	303
6.06117E14	138
6.06042E14	248
6.05967E14	605
6.05892E14	342
6.05817E14	344
6.05742E14	371
6.05667E14	247
6.05592E14	201
6.05517E14	326
6.05442E14	647
6.05367E14	490
6.05292E14	287
6.05217E14	246
6.05142E14	255
6.05067E14	233
6.04993E14	519
6.04918E14	437
6.04843E14	378
6.04768E14	305
6.04693E14	321
6.04619E14	196
6.04544E14	492
6.04469E14	493
6.04395E14	329
6.0432E14	344
6.04245E14	312
6.04171E14	238
6.04096E14	312
6.04021E14	471
6.03947E14	359
6.03872E14	199
6.03798E14	241
6.03723E14	130
6.03649E14	226
6.03574E14	527
6.035E14	435
6.03425E14	333
6.03351E14	334
6.03276E14	243
6.03202E14	194
6.03128E14	295
6.03053E14	519
6.02979E14	493
6.02905E14	301
6.0283E14	212
6.02756E14	142
6.02682E14	305
6.02608E14	485
6.02533E14	364
6.02459E14	312
6.02385E14	235
6.02311E14	269
6.02237E14	226
6.02162E14	335
6.02088E14	632
6.02014E14	499
6.0194E14	402
6.01866E14	279
6.01792E14	182
6.01718E14	325
6.01644E14	530
6.0157E14	361
6.01496E14	297
6.01422E14	305
6.01348E14	179
6.01274E14	347
6.012E14	578
6.01126E14	366
6.01053E14	431
6.00979E14	492
6.00905E14	246
6.00831E14	182
6.00757E14	311
6.00684E14	578
6.0061E14	437
6.00536E14	339
6.00462E14	201
6.00389E14	249
6.00315E14	269
6.00241E14	578
6.00168E14	396
6.00094E14	549
6.0002E14	637
5.99947E14	347
5.99873E14	190
5.998E14	372
5.99726E14	703
5.99653E14	546
5.99579E14	417
5.99506E14	247
5.99432E14	165
5.99359E14	266
5.99285E14	573
5.99212E14	442
5.99138E14	295
5.99065E14	345
5.98992E14	221
5.98918E14	397
5.98845E14	544
5.98772E14	393
5.98699E14	352
5.98625E14	299
5.98552E14	264
5.98479E14	213
5.98406E14	429
5.98332E14	554
5.98259E14	376
5.98186E14	421
5.98113E14	316
5.9804E14	227
5.97967E14	304
5.97894E14	562
5.9782E14	330
5.97747E14	415
5.97674E14	344
5.97601E14	200
5.97528E14	234
5.97455E14	373
5.97382E14	607
5.97309E14	438
5.97237E14	429
5.97164E14	306
5.97091E14	216
5.97018E14	265
5.96945E14	582
5.96872E14	456
5.96799E14	313
5.96727E14	381
5.96654E14	228
5.96581E14	246
5.96508E14	303
5.96436E14	240
5.96363E14	274
5.9629E14	308
5.96217E14	348
5.96145E14	183
5.96072E14	434
5.95999E14	424
5.95927E14	321
5.95854E14	343
5.95782E14	388
5.95709E14	279
5.95637E14	323
5.95564E14	528
5.95492E14	558
5.95419E14	500
5.95347E14	353
5.95274E14	404
5.95202E14	239
5.95129E14	283
5.95057E14	457
5.94985E14	338
5.94912E14	321
5.9484E14	197
5.94768E14	201
5.94695E14	314
5.94623E14	511
5.94551E14	398
5.94478E14	316
5.94406E14	373
5.94334E14	221
5.94262E14	330
5.9419E14	752
5.94117E14	493
5.94045E14	297
5.93973E14	230
5.93901E14	235
5.93829E14	175
5.93757E14	349
5.93685E14	540
5.93613E14	424
5.93541E14	342
5.93469E14	356
5.93397E14	185
5.93325E14	348
5.93253E14	564
5.93181E14	356
5.93109E14	464
5.93037E14	381
5.92965E14	386
5.92893E14	261
5.92821E14	339
5.92749E14	560
5.92678E14	363
5.92606E14	401
5.92534E14	329
5.92462E14	233
5.92391E14	290
5.92319E14	659
5.92247E14	454
5.92175E14	405
5.92104E14	362
5.92032E14	235
5.9196E14	258
5.91889E14	574
5.91817E14	395
5.91746E14	306
5.91674E14	298
5.91602E14	295
5.91531E14	300
5.91459E14	345
5.91388E14	596
5.91316E14	349
5.91245E14	364
5.91173E14	402
5.91102E14	282
5.91031E14	335
5.90959E14	570
5.90888E14	438
5.90816E14	330
5.90745E14	325
5.90674E14	292
5.90602E14	238
5.90531E14	279
5.9046E14	533
5.90389E14	483
5.90317E14	444
5.90246E14	353
5.90175E14	197
5.90104E14	338
5.90033E14	670
5.89961E14	507
5.8989E14	496
5.89819E14	493
5.89748E14	249
5.89677E14	289
5.89606E14	704
5.89535E14	458
5.89464E14	389
5.89393E14	363
5.89322E14	316
5.89251E14	238
5.8918E14	297
5.89109E14	642
5.89038E14	333
5.88967E14	443
5.88896E14	390
5.88825E14	261
5.88754E14	321
5.88683E14	561
5.88613E14	440
5.88542E14	323
5.88471E14	322
5.884E14	337
5.88329E14	282
5.88259E14	480
5.88188E14	609
5.88117E14	488
5.88046E14	401
5.87976E14	304
5.87905E14	218
5.87834E14	256
5.87764E14	521
5.87693E14	441
5.87623E14	321
5.87552E14	340
5.87481E14	167
5.87411E14	252
5.8734E14	524
5.8727E14	402
5.87199E14	442
5.87129E14	351
5.87058E14	295
5.86988E14	280
5.86918E14	318
5.86847E14	788
5.86777E14	523
5.86706E14	370
5.86636E14	253
5.86566E14	244
5.86495E14	416
5.86425E14	537
5.86355E14	480
5.86284E14	462
5.86214E14	478
5.86144E14	434
5.86074E14	286
5.86003E14	372
5.85933E14	543
5.85863E14	470
5.85793E14	341
5.85723E14	321
5.85653E14	206
5.85583E14	355
5.85512E14	634
5.85442E14	428
5.85372E14	467
5.85302E14	488
5.85232E14	316
5.85162E14	310
5.85092E14	571
5.85022E14	508
5.84952E14	406
5.84882E14	427
5.84812E14	402
5.84743E14	199
5.84673E14	341
5.84603E14	672
5.84533E14	431
5.84463E14	314
5.84393E14	323
5.84323E14	239
5.84254E14	395
5.84184E14	580
5.84114E14	486
5.84044E14	387
5.83975E14	479
5.83905E14	255
5.83835E14	281
5.83766E14	401
5.83696E14	644
5.83626E14	462
5.83557E14	399
5.83487E14	357
5.83417E14	231
5.83348E14	295
5.83278E14	536
5.83209E14	328
5.83139E14	288
5.8307E14	463
5.83E14	182
5.82931E14	439
5.82861E14	659
5.82792E14	501
5.82722E14	397
5.82653E14	446
5.82584E14	394
5.82514E14	228
5.82445E14	396
5.82376E14	600
5.82306E14	484
5.82237E14	424
5.82168E14	411
5.82098E14	192
5.82029E14	462
5.8196E14	725
5.81891E14	520
5.81821E14	378
5.81752E14	298
5.81683E14	369
5.81614E14	305
5.81545E14	312
5.81476E14	506
5.81406E14	483
5.81337E14	482
5.81268E14	477
5.81199E14	279
5.8113E14	267
5.81061E14	568
5.80992E14	444
5.80923E14	389
5.80854E14	433
5.80785E14	232
5.80716E14	445
5.80647E14	722
5.80578E14	490
5.80509E14	341
5.80441E14	385
5.80372E14	346
5.80303E14	146
5.80234E14	339
5.80165E14	609
5.80096E14	399
5.80028E14	422
5.79959E14	388
5.7989E14	191
5.79821E14	342
5.79753E14	665
5.79684E14	546
5.79615E14	399
5.79547E14	328
5.79478E14	331
5.79409E14	237
5.79341E14	299
5.79272E14	587
5.79203E14	392
5.79135E14	385
5.79066E14	293
5.78998E14	205
5.78929E14	342
5.78861E14	632
5.78792E14	457
5.78724E14	387
5.78655E14	348
5.78587E14	380
5.78518E14	321
5.7845E14	544
5.78382E14	399
5.78313E14	351
5.78245E14	337
5.78177E14	328
5.78108E14	221
5.7804E14	350
5.77972E14	681
5.77903E14	537
5.77835E14	545
5.77767E14	421
5.77699E14	313
5.7763E14	450
5.77562E14	590
5.77494E14	426
5.77426E14	516
5.77358E14	330
5.7729E14	359
5.77221E14	246
5.77153E14	435
5.77085E14	810
5.77017E14	457
5.76949E14	383
5.76881E14	302
5.76813E14	185
5.76745E14	354
5.76677E14	737
5.76609E14	496
5.76541E14	378
5.76473E14	364
5.76405E14	221
5.76337E14	376
5.76269E14	678
5.76201E14	514
5.76134E14	392
5.76066E14	368
5.75998E14	365
5.7593E14	323
5.75862E14	348
5.75795E14	532
5.75727E14	411
5.75659E14	454
5.75591E14	453
5.75524E14	338
5.75456E14	367
5.75388E14	645
5.7532E14	385
5.75253E14	342
5.75185E14	487
5.75118E14	390
5.7505E14	366
5.74982E14	473
5.74915E14	696
5.74847E14	421
5.7478E14	443
5.74712E14	340
5.74645E14	202
5.74577E14	414
5.7451E14	633
5.74442E14	453
5.74375E14	860
5.74307E14	530
5.7424E14	241
5.74172E14	274
5.74105E14	653
5.74038E14	467
5.7397E14	489
5.73903E14	457
5.73836E14	466
5.73768E14	267
5.73701E14	388
5.73634E14	533
5.73567E14	449
5.73499E14	427
5.73432E14	394
5.73365E14	246
5.73298E14	374
5.7323E14	601
5.73163E14	638
5.73096E14	493
5.73029E14	445
5.72962E14	317
5.72895E14	194
5.72828E14	358
5.72761E14	589
5.72694E14	592
5.72627E14	481
5.72559E14	376
5.72492E14	225
5.72425E14	554
5.72359E14	636
5.72292E14	580
5.72225E14	513
5.72158E14	452
5.72091E14	312
5.72024E14	322
5.71957E14	677
5.7189E14	501
5.71823E14	398
5.71756E14	394
5.7169E14	566
5.71623E14	351
5.71556E14	476
5.71489E14	678
5.71422E14	483
5.71356E14	471
5.71289E14	314
5.71222E14	262
5.71156E14	349
5.71089E14	700
5.71022E14	641
5.70956E14	476
5.70889E14	482
5.70822E14	466
5.70756E14	337
5.70689E14	406
5.70623E14	746
5.70556E14	501
5.70489E14	443
5.70423E14	381
5.70356E14	285
5.7029E14	304
5.70223E14	720
5.70157E14	463
5.70091E14	649
5.70024E14	504
5.69958E14	273
5.69891E14	289
5.69825E14	705
5.69758E14	600
5.69692E14	473
5.69626E14	405
5.69559E14	445
5.69493E14	273
5.69427E14	312
5.69361E14	617
5.69294E14	569
5.69228E14	461
5.69162E14	350
5.69096E14	350
5.69029E14	370
5.68963E14	694
5.68897E14	695
5.68831E14	512
5.68765E14	477
5.68699E14	311
5.68633E14	233
5.68566E14	307
5.685E14	640
5.68434E14	505
5.68368E14	431
5.68302E14	365
5.68236E14	396
5.6817E14	368
5.68104E14	337
5.68038E14	398
5.67972E14	397
5.67906E14	378
5.6784E14	394
5.67775E14	456
5.67709E14	531
5.67643E14	378
5.67577E14	350
5.67511E14	418
5.67445E14	287
5.67379E14	211
5.67314E14	872
5.67248E14	670
5.67182E14	553
5.67116E14	409
5.6705E14	354
5.66985E14	191
5.66919E14	486
5.66853E14	693
5.66788E14	469
5.66722E14	428
5.66656E14	484
5.66591E14	468
5.66525E14	297
5.6646E14	525
5.66394E14	657
5.66328E14	567
5.66263E14	346
5.66197E14	431
5.66132E14	217
5.66066E14	369
5.66001E14	735
5.65935E14	514
5.6587E14	421
5.65804E14	457
5.65739E14	301
5.65673E14	352
5.65608E14	692
5.65543E14	515
5.65477E14	495
5.65412E14	586
5.65347E14	375
5.65281E14	305
5.65216E14	366
5.65151E14	617
5.65085E14	535
5.6502E14	376
5.64955E14	462
5.6489E14	292
5.64824E14	356
5.64759E14	688
5.64694E14	587
5.64629E14	468
5.64564E14	423
5.64498E14	351
5.64433E14	277
5.64368E14	406
5.64303E14	652
5.64238E14	525
5.64173E14	479
5.64108E14	439
5.64043E14	352
5.63978E14	472
5.63913E14	698
5.63848E14	593
5.63783E14	393
5.63718E14	379
5.63653E14	326
5.63588E14	436
5.63523E14	808
5.63458E14	624
5.63393E14	559
5.63328E14	437
5.63263E14	442
5.63198E14	344
5.63134E14	414
5.63069E14	848
5.63004E14	521
5.62939E14	396
5.62874E14	377
5.6281E14	329
5.62745E14	449
5.6268E14	723
5.62615E14	480
5.62551E14	437
5.62486E14	402
5.62421E14	434
5.62357E14	279
5.62292E14	468
5.62227E14	677
5.62163E14	574
5.62098E14	587
5.62034E14	375
5.61969E14	244
5.61905E14	445
5.6184E14	775
5.61776E14	516
5.61711E14	431
5.61647E14	484
5.61582E14	316
5.61518E14	431
5.61453E14	771
5.61389E14	569
5.61324E14	473
5.6126E14	601
5.61195E14	334
5.61131E14	218
5.61067E14	361
5.61002E14	669
5.60938E14	421
5.60874E14	403
5.60809E14	461
5.60745E14	307
5.60681E14	457
5.60617E14	843
5.60552E14	585
5.60488E14	456
5.60424E14	472
5.6036E14	452
5.60296E14	304
5.60231E14	430
5.60167E14	677
5.60103E14	405
5.60039E14	431
5.59975E14	438
5.59911E14	317
5.59847E14	374
5.59783E14	872
5.59719E14	501
5.59654E14	469
5.5959E14	404
5.59526E14	283
5.59462E14	397
5.59398E14	684
5.59335E14	546
5.59271E14	476
5.59207E14	474
5.59143E14	431
5.59079E14	389
5.59015E14	330
5.58951E14	667
5.58887E14	587
5.58823E14	549
5.58759E14	495
5.58696E14	269
5.58632E14	464
5.58568E14	639
5.58504E14	509
5.58441E14	521
5.58377E14	619
5.58313E14	435
5.58249E14	287
5.58186E14	356
5.58122E14	799
5.58058E14	643
5.57995E14	583
5.57931E14	456
5.57867E14	307
5.57804E14	504
5.5774E14	674
5.57677E14	555
5.57613E14	583
5.57549E14	485
5.57486E14	350
5.57422E14	401
5.57359E14	675
5.57295E14	661
5.57232E14	842
5.57168E14	657
5.57105E14	439
5.57041E14	318
5.56978E14	387
5.56915E14	773
5.56851E14	581
5.56788E14	583
5.56724E14	498
5.56661E14	431
5.56598E14	495
5.56534E14	814
5.56471E14	600
5.56408E14	468
5.56345E14	352
5.56281E14	460
5.56218E14	490
5.56155E14	514
5.56092E14	650
5.56028E14	525
5.55965E14	606
5.55902E14	510
5.55839E14	287
5.55776E14	502
5.55713E14	697
5.55649E14	560
5.55586E14	1486
5.55523E14	631
5.5546E14	242
5.55397E14	412
5.55334E14	707
5.55271E14	599
5.55208E14	536
5.55145E14	547
5.55082E14	566
5.55019E14	399
5.54956E14	434
5.54893E14	811
5.5483E14	554
5.54767E14	449
5.54704E14	406
5.54641E14	311
5.54578E14	445
5.54516E14	726
5.54453E14	598
5.5439E14	472
5.54327E14	413
5.54264E14	524
5.54201E14	367
5.54139E14	598
5.54076E14	762
5.54013E14	647
5.5395E14	502
5.53888E14	521
5.53825E14	394
5.53762E14	532
5.537E14	793
5.53637E14	609
5.53574E14	436
5.53512E14	534
5.53449E14	417
5.53386E14	480
5.53324E14	787
5.53261E14	638
5.53199E14	601
5.53136E14	492
5.53074E14	545
5.53011E14	402
5.52948E14	437
5.52886E14	826
5.52824E14	502
5.52761E14	649
5.52699E14	436
5.52636E14	315
5.52574E14	468
5.52511E14	762
5.52449E14	640
5.52387E14	610
5.52324E14	532
5.52262E14	393
5.52199E14	405
5.52137E14	514
5.52075E14	734
5.52012E14	675
5.5195E14	578
5.51888E14	465
5.51826E14	346
5.51763E14	578
5.51701E14	719
5.51639E14	628
5.51577E14	496
5.51515E14	544
5.51452E14	430
5.5139E14	404
5.51328E14	764
5.51266E14	624
5.51204E14	539
5.51142E14	724
5.5108E14	449
5.51018E14	307
5.50956E14	598
5.50893E14	944
5.50831E14	792
5.50769E14	539
5.50707E14	571
5.50645E14	462
5.50583E14	669
5.50521E14	880
5.5046E14	597
5.50398E14	578
5.50336E14	635
5.50274E14	459
5.50212E14	350
5.5015E14	513
5.50088E14	802
5.50026E14	674
5.49964E14	606
5.49903E14	473
5.49841E14	504
5.49779E14	504
5.49717E14	974
5.49655E14	723
5.49594E14	669
5.49532E14	632
5.4947E14	373
5.49408E14	521
5.49347E14	965
5.49285E14	535
5.49223E14	571
5.49162E14	539
5.491E14	592
5.49038E14	377
5.48977E14	571
5.48915E14	879
5.48854E14	602
5.48792E14	535
5.48731E14	572
5.48669E14	389
5.48607E14	548
5.48546E14	766
5.48484E14	626
5.48423E14	529
5.48361E14	558
5.483E14	545
5.48239E14	402
5.48177E14	537
5.48116E14	768
5.48054E14	676
5.47993E14	579
5.47931E14	491
5.4787E14	494
5.47809E14	647
5.47747E14	912
5.47686E14	707
5.47625E14	581
5.47563E14	597
5.47502E14	460
5.47441E14	772
5.4738E14	839
5.47318E14	679
5.47257E14	574
5.47196E14	588
5.47135E14	600
5.47074E14	567
5.47012E14	595
5.46951E14	861
5.4689E14	771
5.46829E14	551
5.46768E14	513
5.46707E14	370
5.46646E14	626
5.46584E14	838
5.46523E14	640
5.46462E14	755
5.46401E14	666
5.4634E14	569
5.46279E14	436
5.46218E14	797
5.46157E14	890
5.46096E14	638
5.46035E14	543
5.45974E14	444
5.45913E14	496
5.45853E14	649
5.45792E14	850
5.45731E14	725
5.4567E14	721
5.45609E14	736
5.45548E14	617
5.45487E14	679
5.45427E14	972
5.45366E14	723
5.45305E14	675
5.45244E14	719
5.45183E14	761
5.45123E14	485
5.45062E14	686
5.45001E14	907
5.4494E14	720
5.4488E14	664
5.44819E14	578
5.44758E14	469
5.44698E14	609
5.44637E14	909
5.44576E14	769
5.44516E14	848
5.44455E14	831
5.44395E14	719
5.44334E14	494
5.44273E14	678
5.44213E14	864
5.44152E14	746
5.44092E14	760
5.44031E14	606
5.43971E14	400
5.4391E14	660
5.4385E14	930
5.43789E14	759
5.43729E14	742
5.43669E14	703
5.43608E14	493
5.43548E14	690
5.43487E14	1080
5.43427E14	901
5.43367E14	721
5.43306E14	767
5.43246E14	653
5.43186E14	599
5.43125E14	608
5.43065E14	3329
5.43005E14	2050
5.42944E14	642
5.42884E14	676
5.42824E14	488
5.42764E14	803
5.42703E14	1052
5.42643E14	856
5.42583E14	741
5.42523E14	741
5.42463E14	810
5.42403E14	764
5.42342E14	540
5.42282E14	747
5.42222E14	825
5.42162E14	789
5.42102E14	612
5.42042E14	604
5.41982E14	786
5.41922E14	941
5.41862E14	1111
5.41802E14	829
5.41742E14	771
5.41682E14	601
5.41622E14	714
5.41562E14	858
5.41502E14	758
5.41442E14	737
5.41382E14	778
5.41322E14	670
5.41262E14	561
5.41202E14	755
5.41142E14	997
5.41083E14	835
5.41023E14	750
5.40963E14	720
5.40903E14	623
5.40843E14	759
5.40783E14	1130
5.40724E14	1029
5.40664E14	1009
5.40604E14	961
5.40544E14	701
5.40485E14	664
5.40425E14	989
5.40365E14	1123
5.40306E14	984
5.40246E14	980
5.40186E14	720
5.40127E14	666
5.40067E14	951
5.40007E14	1360
5.39948E14	1116
5.39888E14	909
5.39829E14	835
5.39769E14	509
5.39709E14	905
5.3965E14	1222
5.3959E14	897
5.39531E14	953
5.39471E14	942
5.39412E14	878
5.39352E14	740
5.39293E14	777
5.39233E14	1070
5.39174E14	884
5.39115E14	862
5.39055E14	1099
5.38996E14	684
5.38936E14	807
5.38877E14	1068
5.38818E14	1049
5.38758E14	987
5.38699E14	1028
5.3864E14	972
5.3858E14	795
5.38521E14	843
5.38462E14	1167
5.38403E14	949
5.38343E14	1001
5.38284E14	748
5.38225E14	733
5.38166E14	740
5.38106E14	1243
5.38047E14	946
5.37988E14	914
5.37929E14	1039
5.3787E14	983
5.37811E14	1122
5.37751E14	1180
5.37692E14	1064
5.37633E14	1066
5.37574E14	1086
5.37515E14	1300
5.37456E14	837
5.37397E14	1061
5.37338E14	1323
5.37279E14	1160
5.3722E14	925
5.37161E14	992
5.37102E14	896
5.37043E14	997
5.36984E14	1296
5.36925E14	1172
5.36866E14	1046
5.36807E14	1021
5.36748E14	872
5.36689E14	773
5.36631E14	1096
5.36572E14	1395
5.36513E14	1149
5.36454E14	1118
5.36395E14	995
5.36336E14	925
5.36278E14	1285
5.36219E14	1289
5.3616E14	1322
5.36101E14	1198
5.36043E14	1021
5.35984E14	917
5.35925E14	1169
5.35866E14	1441
5.35808E14	1312
5.35749E14	1168
5.3569E14	1152
5.35632E14	1156
5.35573E14	944
5.35514E14	1155
5.35456E14	1366
5.35397E14	1180
5.35339E14	1185
5.3528E14	1131
5.35221E14	995
5.35163E14	1089
5.35104E14	1509
5.35046E14	1259
5.34987E14	1232
5.34929E14	1255
5.3487E14	1164
5.34812E14	1035
5.34753E14	1224
5.34695E14	1571
5.34636E14	1313
5.34578E14	1326
5.3452E14	1071
5.34461E14	1096
5.34403E14	1342
5.34344E14	1652
5.34286E14	1381
5.34228E14	1338
5.34169E14	1402
5.34111E14	1166
5.34053E14	1196
5.33994E14	1692
5.33936E14	1457
5.33878E14	1339
5.3382E14	1401
5.33761E14	1303
5.33703E14	1179
5.33645E14	1432
5.33587E14	1606
5.33528E14	1363
5.3347E14	1426
5.33412E14	1449
5.33354E14	1248
5.33296E14	1386
5.33238E14	1713
5.3318E14	1464
5.33121E14	1393
5.33063E14	1601
5.33005E14	1367
5.32947E14	1558
5.32889E14	1688
5.32831E14	1814
5.32773E14	1589
5.32715E14	1541
5.32657E14	1597
5.32599E14	1317
5.32541E14	1414
5.32483E14	1700
5.32425E14	1723
5.32367E14	1657
5.32309E14	1602
5.32251E14	1411
5.32193E14	3739
5.32135E14	2407
5.32078E14	1669
5.3202E14	1583
5.31962E14	1629
5.31904E14	1619
5.31846E14	1362
5.31788E14	1858
5.31731E14	1968
5.31673E14	1942
5.31615E14	1861
5.31557E14	1872
5.31499E14	1680
5.31442E14	1737
5.31384E14	1976
5.31326E14	1769
5.31269E14	1861
5.31211E14	2087
5.31153E14	1773
5.31096E14	1685
5.31038E14	1815
5.3098E14	2095
5.30923E14	2008
5.30865E14	1933
5.30807E14	1897
5.3075E14	1699
5.30692E14	1806
5.30635E14	2299
5.30577E14	2051
5.3052E14	2035
5.30462E14	2135
5.30404E14	1685
5.30347E14	1934
5.30289E14	2470
5.30232E14	2129
5.30175E14	2149
5.30117E14	2235
5.3006E14	2013
5.30002E14	1883
5.29945E14	2167
5.29887E14	2396
5.2983E14	2261
5.29773E14	2178
5.29715E14	2040
5.29658E14	1857
5.29601E14	2247
5.29543E14	2634
5.29486E14	2391
5.29429E14	2341
5.29371E14	2225
5.29314E14	2264
5.29257E14	2108
5.29199E14	2394
5.29142E14	2510
5.29085E14	2381
5.29028E14	2289
5.28971E14	2349
5.28913E14	2275
5.28856E14	2379
5.28799E14	2573
5.28742E14	2584
5.28685E14	2491
5.28628E14	2525
5.2857E14	2202
5.28513E14	2519
5.28456E14	2877
5.28399E14	2731
5.28342E14	2616
5.28285E14	2536
5.28228E14	2565
5.28171E14	2532
5.28114E14	2624
5.28057E14	3164
5.28E14	2814
5.27943E14	2622
5.27886E14	2687
5.27829E14	2510
5.27772E14	2712
5.27715E14	3055
5.27658E14	2970
5.27601E14	2934
5.27544E14	2825
5.27487E14	2789
5.27431E14	2732
5.27374E14	3014
5.27317E14	3350
5.2726E14	2931
5.27203E14	3016
5.27146E14	2962
5.2709E14	2798
5.27033E14	2997
5.26976E14	3357
5.26919E14	3149
5.26862E14	3176
5.26806E14	3163
5.26749E14	2906
5.26692E14	3257
5.26636E14	3434
5.26579E14	3326
5.26522E14	3333
5.26466E14	3178
5.26409E14	3078
5.26352E14	3273
5.26296E14	3215
5.26239E14	3593
5.26182E14	3604
5.26126E14	3458
5.26069E14	3509
5.26013E14	3235
5.25956E14	3375
5.259E14	3906
5.25843E14	3727
5.25786E14	3473
5.2573E14	3684
5.25673E14	3510
5.25617E14	3553
5.25561E14	3615
5.25504E14	4054
5.25448E14	3935
5.25391E14	4001
5.25335E14	3689
5.25278E14	3659
5.25222E14	3811
5.25166E14	3908
5.25109E14	3890
5.25053E14	3956
5.24996E14	3848
5.2494E14	3667
5.24884E14	3966
5.24827E14	4597
5.24771E14	4065
5.24715E14	4083
5.24659E14	4301
5.24602E14	4128
5.24546E14	3750
5.2449E14	4418
5.24434E14	4715
5.24377E14	4513
5.24321E14	4386
5.24265E14	4343
5.24209E14	4089
5.24153E14	4392
5.24096E14	4763
5.2404E14	4755
5.23984E14	4749
5.23928E14	4587
5.23872E14	4711
5.23816E14	4421
5.2376E14	4882
5.23704E14	5180
5.23648E14	4821
5.23592E14	4885
5.23536E14	4756
5.23479E14	4693
5.23423E14	4896
5.23367E14	5429
5.23311E14	5143
5.23256E14	5125
5.232E14	5245
5.23144E14	5042
5.23088E14	5244
5.23032E14	5730
5.22976E14	5397
5.2292E14	5527
5.22864E14	5475
5.22808E14	5331
5.22752E14	5125
5.22696E14	5495
5.22641E14	6062
5.22585E14	5621
5.22529E14	5662
5.22473E14	5854
5.22417E14	5605
5.22361E14	5973
5.22306E14	6371
5.2225E14	6017
5.22194E14	6203
5.22138E14	6195
5.22083E14	6364
5.22027E14	6082
5.21971E14	6231
5.21916E14	6811
5.2186E14	6841
5.21804E14	6525
5.21749E14	6633
5.21693E14	6361
5.21637E14	6434
5.21582E14	7014
5.21526E14	6979
5.2147E14	6833
5.21415E14	7166
5.21359E14	6722
5.21304E14	6866
5.21248E14	7506
5.21193E14	7234
5.21137E14	7171
5.21082E14	7226
5.21026E14	7339
5.20971E14	7086
5.20915E14	7453
5.2086E14	7776
5.20804E14	7630
5.20749E14	7677
5.20693E14	7515
5.20638E14	7350
5.20583E14	7670
5.20527E14	7980
5.20472E14	7704
5.20416E14	8005
5.20361E14	7907
5.20306E14	7866
5.2025E14	7967
5.20195E14	8416
5.2014E14	8842
5.20084E14	8673
5.20029E14	8745
5.19974E14	8634
5.19919E14	8407
5.19863E14	9087
5.19808E14	9165
5.19753E14	9120
5.19698E14	9221
5.19642E14	9293
5.19587E14	9173
5.19532E14	9342
5.19477E14	10081
5.19422E14	9608
5.19367E14	9517
5.19311E14	9524
5.19256E14	9671
5.19201E14	9543
5.19146E14	9587
5.19091E14	9706
5.19036E14	9491
5.18981E14	9360
5.18926E14	9036
5.18871E14	8782
5.18816E14	9115
5.18761E14	9913
5.18706E14	10122
5.18651E14	10391
5.18596E14	10652
5.18541E14	11096
5.18486E14	10568
5.18431E14	11364
5.18376E14	11571
5.18321E14	11228
5.18266E14	11237
5.18211E14	11175
5.18156E14	11319
5.18101E14	12932
5.18046E14	12376
5.17992E14	11885
5.17937E14	12113
5.17882E14	12034
5.17827E14	11874
5.17772E14	12165
5.17717E14	12783
5.17663E14	12671
5.17608E14	12839
5.17553E14	12757
5.17498E14	12530
5.17444E14	12351
5.17389E14	13256
5.17334E14	14788
5.17279E14	13774
5.17225E14	13497
5.1717E14	13354
5.17115E14	13399
5.17061E14	13622
5.17006E14	14320
5.16951E14	14069
5.16897E14	13873
5.16842E14	14455
5.16788E14	14024
5.16733E14	14065
5.16678E14	14191
5.16624E14	14600
5.16569E14	15154
5.16515E14	15055
5.1646E14	15036
5.16406E14	14813
5.16351E14	15146
5.16297E14	15796
5.16242E14	15746
5.16188E14	15902
5.16133E14	16031
5.16079E14	15793
5.16024E14	16115
5.1597E14	16962
5.15916E14	16804
5.15861E14	16910
5.15807E14	16751
5.15752E14	16704
5.15698E14	16789
5.15644E14	16972
5.15589E14	17676
5.15535E14	17691
5.15481E14	17722
5.15426E14	17805
5.15372E14	17698
5.15318E14	18024
5.15263E14	18724
5.15209E14	18784
5.15155E14	18884
5.15101E14	18706
5.15046E14	18821
5.14992E14	19136
5.14938E14	20752
5.14884E14	20346
5.1483E14	19783
5.14775E14	19932
5.14721E14	20050
5.14667E14	20113
5.14613E14	20508
5.14559E14	20965
5.14505E14	20761
5.14451E14	20987
5.14396E14	20903
5.14342E14	20751
5.14288E14	21540
5.14234E14	21990
5.1418E14	21753
5.14126E14	22103
5.14072E14	22226
5.14018E14	22380
5.13964E14	22316
5.1391E14	22368
5.13856E14	23342
5.13802E14	23089
5.13748E14	22843
5.13694E14	23591
5.1364E14	23656
5.13586E14	23848
5.13532E14	24432
5.13478E14	24406
5.13425E14	24825
5.13371E14	24963
5.13317E14	24928
5.13263E14	24983
5.13209E14	25322
5.13155E14	26155
5.13101E14	25638
5.13048E14	25827
5.12994E14	26127
5.1294E14	26174
5.12886E14	26092
5.12832E14	27475
5.12779E14	27248
5.12725E14	27358
5.12671E14	27415
5.12617E14	27396
5.12564E14	28192
5.1251E14	28600
5.12456E14	28692
5.12403E14	29060
5.12349E14	29037
5.12295E14	29214
5.12242E14	29241
5.12188E14	29907
5.12134E14	30313
5.12081E14	30235
5.12027E14	30366
5.11974E14	30394
5.1192E14	30286
5.11867E14	31176
5.11813E14	31736
5.11759E14	31928
5.11706E14	32160
5.11652E14	32515
5.11599E14	32303
5.11545E14	32328
5.11492E14	32494
5.11438E14	33668
5.11385E14	34009
5.11331E14	33886
5.11278E14	33798
5.11225E14	33794
5.11171E14	34104
5.11118E14	34836
5.11064E14	34544
5.11011E14	35076
5.10958E14	35394
5.10904E14	35541
5.10851E14	35525
5.10797E14	35989
5.10744E14	36293
5.10691E14	36704
5.10638E14	36351
5.10584E14	36863
5.10531E14	36765
5.10478E14	37537
5.10424E14	38274
5.10371E14	38049
5.10318E14	38180
5.10265E14	38527
5.10211E14	38665
5.10158E14	39030
5.10105E14	39604
5.10052E14	39134
5.09999E14	39667
5.09945E14	39567
5.09892E14	39970
5.09839E14	40290
5.09786E14	40657
5.09733E14	41703
5.0968E14	41183
5.09627E14	41554
5.09574E14	41967
5.09521E14	41942
5.09467E14	42336
5.09414E14	43415
5.09361E14	42873
5.09308E14	43595
5.09255E14	43629
5.09202E14	43170
5.09149E14	44031
5.09096E14	44867
5.09043E14	44787
5.0899E14	45099
5.08937E14	45064
5.08884E14	45616
5.08832E14	45463
5.08779E14	45895
5.08726E14	46456
5.08673E14	46630
5.0862E14	46725
5.08567E14	47163
5.08514E14	47041
5.08461E14	47907
5.08408E14	48688
5.08356E14	48601
5.08303E14	48789
5.0825E14	49633
5.08197E14	49376
5.08144E14	49165
5.08092E14	49736
5.08039E14	51012
5.07986E14	51211
5.07933E14	51291
5.07881E14	51747
5.07828E14	50962
5.07775E14	52132
5.07722E14	52321
5.0767E14	52440
5.07617E14	53542
5.07564E14	53740
5.07512E14	53689
5.07459E14	54543
5.07406E14	55205
5.07354E14	55445
5.07301E14	55437
5.07249E14	55600
5.07196E14	56085
5.07143E14	56238
5.07091E14	57146
5.07038E14	58250
5.06986E14	58232
5.06933E14	58324
5.06881E14	58464
5.06828E14	58854
5.06776E14	59749
5.06723E14	59706
5.06671E14	60236
5.06618E14	60457
5.06566E14	60482
5.06513E14	60248
5.06461E14	61038
5.06408E14	62015
5.06356E14	63060
5.06304E14	62807
5.06251E14	63732
5.06199E14	63914
5.06146E14	63663
5.06094E14	65153
5.06042E14	65708
5.05989E14	65311
5.05937E14	66260
5.05885E14	66724
5.05832E14	66276
5.0578E14	67205
5.05728E14	66236
5.05675E14	67798
5.05623E14	68252
5.05571E14	67818
5.05519E14	68228
5.05466E14	68836
5.05414E14	68727
5.05362E14	69472
5.0531E14	69687
5.05258E14	69855
5.05205E14	70642
5.05153E14	71076
5.05101E14	71222
5.05049E14	71572
5.04997E14	71008
5.04945E14	71484
5.04893E14	71519
5.0484E14	72581
5.04788E14	73432
5.04736E14	72640
5.04684E14	73537
5.04632E14	73224
5.0458E14	72658
5.04528E14	73083
5.04476E14	73806
5.04424E14	73627
5.04372E14	73709
5.0432E14	74246
5.04268E14	73785
5.04216E14	73761
5.04164E14	73873
5.04112E14	74141
5.0406E14	74641
5.04008E14	74261
5.03956E14	74346
5.03904E14	74011
5.03852E14	74167
5.03801E14	73464
5.03749E14	73943
5.03697E14	74120
5.03645E14	73381
5.03593E14	73154
5.03541E14	73535
5.03489E14	72691
5.03438E14	72795
5.03386E14	73350
5.03334E14	72422
5.03282E14	72304
5.0323E14	71960
5.03179E14	71903
5.03127E14	71431
5.03075E14	71231
5.03023E14	71343
5.02972E14	70933
5.0292E14	70629
5.02868E14	69886
5.02817E14	69564
5.02765E14	69329
5.02713E14	69713
5.02662E14	68640
5.0261E14	68568
5.02558E14	68341
5.02507E14	66753
5.02455E14	67406
5.02403E14	68319
5.02352E14	66419
5.023E14	65910
5.02249E14	65628
5.02197E14	64957
5.02146E14	64373
5.02094E14	63901
5.02042E14	64396
5.01991E14	63492
5.01939E14	62131
5.01888E14	62123
5.01836E14	61926
5.01785E14	61334
5.01733E14	60643
5.01682E14	59146
5.01631E14	60421
5.01579E14	59037
5.01528E14	59066
5.01476E14	58661
5.01425E14	58076
5.01374E14	58309
5.01322E14	57241
5.01271E14	56650
5.01219E14	56176
5.01168E14	54837
5.01117E14	54311
5.01065E14	54556
5.01014E14	53358
5.00963E14	53104
5.00911E14	53004
5.0086E14	51883
5.00809E14	51683
5.00758E14	51626
5.00706E14	50556
5.00655E14	50156
5.00604E14	49052
5.00553E14	48848
5.00501E14	48012
5.0045E14	48163
5.00399E14	48166
5.00348E14	46802
5.00297E14	46228
5.00245E14	46280
5.00194E14	44851
5.00143E14	45287
5.00092E14	45144
5.00041E14	43391
4.9999E14	42655
4.99939E14	41716
4.99888E14	41122
4.99837E14	41276
4.99785E14	40449
4.99734E14	40298
4.99683E14	39493
4.99632E14	39126
4.99581E14	38425
4.9953E14	37743
4.99479E14	24741
4.99428E14	35484
4.99377E14	37038
4.99326E14	36270
4.99275E14	35498
4.99224E14	35307
4.99173E14	34725
4.99123E14	34412
4.99072E14	33246
4.99021E14	33340
4.9897E14	32654
4.98919E14	31780
4.98868E14	31254
4.98817E14	30755
4.98766E14	30218
4.98715E14	30436
4.98665E14	29070
4.98614E14	28836
4.98563E14	28050
4.98512E14	27208
4.98461E14	28025
4.98411E14	26792
4.9836E14	26098
4.98309E14	26383
4.98258E14	26049
4.98207E14	24799
4.98157E14	25022
4.98106E14	24323
4.98055E14	23884
4.98005E14	25221
4.97954E14	23768
4.97903E14	22539
4.97853E14	22418
4.97802E14	22285
4.97751E14	21827
4.97701E14	21842
4.9765E14	21729
4.97599E14	21552
4.97549E14	20866
4.97498E14	21059
4.97447E14	20500
4.97397E14	19816
4.97346E14	19903
4.97296E14	19574
4.97245E14	19099
4.97195E14	18869
4.97144E14	18466
4.97094E14	18365
4.97043E14	18473
4.96993E14	17700
4.96942E14	17310
4.96892E14	17187
4.96841E14	16887
4.96791E14	16336
4.9674E14	16555
4.9669E14	16894
4.96639E14	16256
4.96589E14	15902
4.96539E14	15674
4.96488E14	14977
4.96438E14	15171
4.96387E14	15741
4.96337E14	15146
4.96287E14	14875
4.96236E14	14745
4.96186E14	14620
4.96136E14	14204
4.96085E14	14489
4.96035E14	14107
4.95985E14	13740
4.95934E14	13522
4.95884E14	13218
4.95834E14	13211
4.95784E14	13406
4.95733E14	13666
4.95683E14	12768
4.95633E14	12293
4.95583E14	12538
4.95533E14	11988
4.95482E14	11976
4.95432E14	12322
4.95382E14	11588
4.95332E14	11765
4.95282E14	11546
4.95232E14	11212
4.95181E14	10954
4.95131E14	10761
4.95081E14	11108
4.95031E14	10827
4.94981E14	10493
4.94931E14	10167
4.94881E14	10047
4.94831E14	9939
4.94781E14	10397
4.94731E14	9911
4.94681E14	9880
4.94631E14	9496
4.94581E14	9461
4.94531E14	9026
4.94481E14	9590
4.94431E14	9424
4.94381E14	9050
4.94331E14	8650
4.94281E14	8502
4.94231E14	8386
4.94181E14	8318
4.94131E14	8766
4.94081E14	8362
4.94031E14	8383
4.93981E14	8103
4.93931E14	7693
4.93882E14	7510
4.93832E14	8267
4.93782E14	8044
4.93732E14	7729
4.93682E14	7330
4.93632E14	6900
4.93582E14	7075
4.93533E14	7038
4.93483E14	7271
4.93433E14	7193
4.93383E14	6656
4.93334E14	6286
4.93284E14	6238
4.93234E14	6724
4.93184E14	7007
4.93135E14	6333
4.93085E14	6421
4.93035E14	6157
4.92986E14	5599
4.92936E14	6107
4.92886E14	6315
4.92837E14	5944
4.92787E14	5655
4.92737E14	5870
4.92688E14	5553
4.92638E14	5308
4.92588E14	5423
4.92539E14	5968
4.92489E14	5909
4.9244E14	5436
4.9239E14	5223
4.92341E14	5077
4.92291E14	5159
4.92241E14	5687
4.92192E14	5270
4.92142E14	5152
4.92093E14	5275
4.92043E14	4727
4.91994E14	4558
4.91944E14	4866
4.91895E14	5192
4.91845E14	5062
4.91796E14	4880
4.91747E14	4372
4.91697E14	4151
4.91648E14	4370
4.91598E14	4911
4.91549E14	4506
4.915E14	4501
4.9145E14	4123
4.91401E14	3882
4.91351E14	4282
4.91302E14	4429
4.91253E14	4293
4.91203E14	4416
4.91154E14	4180
4.91105E14	3953
4.91055E14	3743
4.91006E14	3980
4.90957E14	4333
4.90908E14	4133
4.90858E14	3838
4.90809E14	4037
4.9076E14	3773
4.90711E14	3703
4.90661E14	4047
4.90612E14	3648
4.90563E14	3670
4.90514E14	3665
4.90465E14	3619
4.90415E14	3280
4.90366E14	3723
4.90317E14	3784
4.90268E14	3555
4.90219E14	3565
4.9017E14	3340
4.90121E14	3016
4.90072E14	3262
4.90022E14	3515
4.89973E14	3251
4.89924E14	3271
4.89875E14	3051
4.89826E14	2849
4.89777E14	3015
4.89728E14	3540
4.89679E14	3210
4.8963E14	2961
4.89581E14	2944
4.89532E14	3050
4.89483E14	2717
4.89434E14	2821
4.89385E14	3348
4.89336E14	2765
4.89287E14	2706
4.89238E14	2675
4.89189E14	2521
4.8914E14	2747
4.89091E14	3144
4.89043E14	2907
4.88994E14	2804
4.88945E14	2796
4.88896E14	2492
4.88847E14	2483
4.88798E14	2675
4.88749E14	2911
4.88701E14	2635
4.88652E14	2429
4.88603E14	2393
4.88554E14	2179
4.88505E14	2510
4.88457E14	2685
4.88408E14	2583
4.88359E14	2373
4.8831E14	2592
4.88262E14	2224
4.88213E14	2313
4.88164E14	2806
4.88115E14	2468
4.88067E14	2295
4.88018E14	2505
4.87969E14	2328
4.87921E14	2258
4.87872E14	2415
4.87823E14	2679
4.87775E14	2317
4.87726E14	2117
4.87677E14	2053
4.87629E14	2148
4.8758E14	2224
4.87532E14	2693
4.87483E14	2222
4.87434E14	2141
4.87386E14	2066
4.87337E14	1985
4.87289E14	1985
4.8724E14	2063
4.87192E14	2298
4.87143E14	2076
4.87095E14	1921
4.87046E14	1976
4.86998E14	1763
4.86949E14	2056
4.86901E14	2381
4.86852E14	2163
4.86804E14	2006
4.86755E14	1877
4.86707E14	1564
4.86659E14	1979
4.8661E14	2067
4.86562E14	1941
4.86513E14	2036
4.86465E14	2056
4.86417E14	1675
4.86368E14	1485
4.8632E14	1759
4.86272E14	2031
4.86223E14	1783
4.86175E14	1735
4.86127E14	1621
4.86078E14	1511
4.8603E14	1639
4.85982E14	2163
4.85933E14	1914
4.85885E14	1801
4.85837E14	1675
4.85789E14	1475
4.8574E14	1381
4.85692E14	1484
4.85644E14	2213
4.85596E14	1872
4.85547E14	1633
4.85499E14	1485
4.85451E14	1192
4.85403E14	1870
4.85355E14	2132
4.85307E14	1699
4.85258E14	1571
4.8521E14	1534
4.85162E14	1297
4.85114E14	1570
4.85066E14	1877
4.85018E14	1524
4.8497E14	1416
4.84922E14	1502
4.84874E14	1370
4.84826E14	1177
4.84778E14	1423
4.8473E14	1762
4.84681E14	1484
4.84633E14	1618
4.84585E14	1327
4.84537E14	1081
4.84489E14	1283
4.84441E14	1812
4.84394E14	1486
4.84346E14	1414
4.84298E14	1416
4.8425E14	1437
4.84202E14	1229
4.84154E14	1345
4.84106E14	1607
4.84058E14	1312
4.8401E14	1328
4.83962E14	1227
4.83914E14	1044
4.83866E14	1251
4.83819E14	1704
4.83771E14	1482
4.83723E14	1375
4.83675E14	1190
4.83627E14	1015
4.83579E14	1211
4.83532E14	1668
4.83484E14	1434
4.83436E14	1479
4.83388E14	1300
4.83341E14	1109
4.83293E14	1191
4.83245E14	1215
4.83197E14	1594
4.8315E14	1204
4.83102E14	1249
4.83054E14	1066
4.83006E14	1133
4.82959E14	1138
4.82911E14	1520
4.82863E14	1502
4.82816E14	1204
4.82768E14	1261
4.8272E14	1038
4.82673E14	888
4.82625E14	1041
4.82578E14	1552
4.8253E14	1267
4.82482E14	1065
4.82435E14	925
4.82387E14	909
4.8234E14	1153
4.82292E14	1456
4.82245E14	1280
4.82197E14	1083
4.82149E14	1127
4.82102E14	896
4.82054E14	1066
4.82007E14	1407
4.81959E14	1347
4.81912E14	954
4.81864E14	1539
4.81817E14	1169
4.8177E14	890
4.81722E14	1014
4.81675E14	1608
4.81627E14	1250
4.8158E14	1079
4.81532E14	983
4.81485E14	873
4.81438E14	1018
4.8139E14	1337
4.81343E14	1188
4.81296E14	1016
4.81248E14	1117
4.81201E14	951
4.81154E14	894
4.81106E14	1092
4.81059E14	1297
4.81012E14	1119
4.80964E14	1065
4.80917E14	883
4.8087E14	674
4.80822E14	873
4.80775E14	1394
4.80728E14	1030
4.80681E14	1029
4.80633E14	1026
4.80586E14	595
4.80539E14	1079
4.80492E14	1270
4.80445E14	1055
4.80397E14	987
4.8035E14	853
4.80303E14	825
4.80256E14	741
4.80209E14	1019
4.80162E14	1264
4.80115E14	1019
4.80067E14	933
4.8002E14	1079
4.79973E14	863
4.79926E14	1008
4.79879E14	1259
4.79832E14	1029
4.79785E14	852
4.79738E14	877
4.79691E14	796
4.79644E14	752
4.79597E14	965
4.7955E14	1293
4.79503E14	953
4.79456E14	925
4.79409E14	781
4.79362E14	517
4.79315E14	1175
4.79268E14	1326
4.79221E14	902
4.79174E14	760
4.79127E14	1046
4.7908E14	961
4.79033E14	878
4.78986E14	678
4.78939E14	935
4.78892E14	900
4.78846E14	820
4.78799E14	794
4.78752E14	601
4.78705E14	799
4.78658E14	1100
4.78611E14	816
4.78564E14	854
4.78518E14	736
4.78471E14	560
4.78424E14	936
4.78377E14	1246
4.78331E14	933
4.78284E14	855
4.78237E14	911
4.7819E14	681
4.78143E14	644
4.78097E14	792
4.7805E14	1276
4.78003E14	904
4.77957E14	841
4.7791E14	751
4.77863E14	580
4.77817E14	897
4.7777E14	1216
4.77723E14	1127
4.77677E14	719
4.7763E14	749
4.77583E14	576
4.77537E14	824
4.7749E14	1118
4.77443E14	702
4.77397E14	729
4.7735E14	784
4.77304E14	639
4.77257E14	529
4.77211E14	1169
4.77164E14	1286
4.77117E14	836
4.77071E14	726
4.77024E14	742
4.76978E14	654
4.76931E14	722
4.76885E14	1155
4.76838E14	840
4.76792E14	738
4.76745E14	892
4.76699E14	704
4.76653E14	682
4.76606E14	824
4.7656E14	1173
4.76513E14	775
4.76467E14	696
4.7642E14	691
4.76374E14	561
4.76328E14	654
4.76281E14	990
4.76235E14	774
4.76189E14	815
4.76142E14	735
4.76096E14	406
4.76049E14	600
4.76003E14	1153
4.75957E14	964
4.75911E14	719
4.75864E14	795
4.75818E14	707
4.75772E14	499
4.75725E14	765
4.75679E14	1131
4.75633E14	815
4.75587E14	797
4.7554E14	662
4.75494E14	666
4.75448E14	758
4.75402E14	1138
4.75356E14	785
4.75309E14	791
4.75263E14	907
4.75217E14	561
4.75171E14	670
4.75125E14	560
4.75079E14	1201
4.75032E14	900
4.74986E14	766
4.7494E14	730
4.74894E14	520
4.74848E14	634
4.74802E14	1118
4.74756E14	844
4.7471E14	883
4.74664E14	705
4.74618E14	567
4.74572E14	674
4.74526E14	1093
4.74479E14	818
4.74433E14	753
4.74387E14	788
4.74341E14	500
4.74295E14	555
4.74249E14	830
4.74204E14	1011
4.74158E14	698
4.74112E14	587
4.74066E14	598
4.7402E14	543
4.73974E14	665
4.73928E14	1025
4.73882E14	903
4.73836E14	705
4.7379E14	679
4.73744E14	687
4.73698E14	456
4.73652E14	648
4.73607E14	920
4.73561E14	804
4.73515E14	727
4.73469E14	830
4.73423E14	419
4.73377E14	759
4.73332E14	1154
4.73286E14	682
4.7324E14	643
4.73194E14	730
4.73149E14	537
4.73103E14	685
4.73057E14	1119
4.73011E14	731
4.72966E14	799
4.7292E14	817
4.72874E14	602
4.72828E14	382
4.72783E14	699
4.72737E14	1092
4.72691E14	710
4.72646E14	684
4.726E14	566
4.72554E14	557
4.72509E14	682
4.72463E14	1068
4.72417E14	903
4.72372E14	739
4.72326E14	760
4.72281E14	706
4.72235E14	531
4.72189E14	737
4.72144E14	975
4.72098E14	875
4.72053E14	541
4.72007E14	437
4.71962E14	382
4.71916E14	557
4.71871E14	1004
4.71825E14	949
4.7178E14	873
4.71734E14	709
4.71689E14	526
4.71643E14	572
4.71598E14	1010
4.71552E14	760
4.71507E14	775
4.71461E14	759
4.71416E14	658
4.7137E14	422
4.71325E14	657
4.7128E14	1289
4.71234E14	811
4.71189E14	624
4.71143E14	507
4.71098E14	482
4.71053E14	730
4.71007E14	1025
4.70962E14	925
4.70917E14	615
4.70871E14	622
4.70826E14	557
4.70781E14	504
4.70735E14	642
4.7069E14	940
4.70645E14	883
4.70599E14	768
4.70554E14	583
4.70509E14	435
4.70464E14	526
4.70418E14	902
4.70373E14	754
4.70328E14	972
4.70283E14	539
4.70238E14	438
4.70192E14	629
4.70147E14	1049
4.70102E14	825
4.70057E14	693
4.70012E14	658
4.69966E14	719
4.69921E14	393
4.69876E14	587
4.69831E14	1279
4.69786E14	743
4.69741E14	777
4.69696E14	637
4.69651E14	391
4.69605E14	737
4.6956E14	1005
4.69515E14	891
4.6947E14	767
4.69425E14	706
4.6938E14	572
4.69335E14	525
4.6929E14	556
4.69245E14	956
4.692E14	834
4.69155E14	629
4.6911E14	647
4.69065E14	601
4.6902E14	623
4.68975E14	1059
4.6893E14	679
4.68885E14	698
4.6884E14	684
4.68795E14	373
4.6875E14	687
4.68706E14	921
4.68661E14	761
4.68616E14	874
4.68571E14	873
4.68526E14	639
4.68481E14	440
4.68436E14	727
4.68391E14	836
4.68347E14	669
4.68302E14	672
4.68257E14	714
4.68212E14	639
4.68167E14	657
4.68122E14	867
4.68078E14	840
4.68033E14	720
4.67988E14	707
4.67943E14	570
4.67899E14	542
4.67854E14	604
4.67809E14	1036
4.67764E14	680
4.6772E14	720
4.67675E14	513
4.6763E14	333
4.67585E14	603
4.67541E14	1069
4.67496E14	664
4.67451E14	625
4.67407E14	579
4.67362E14	433
4.67317E14	502
4.67273E14	877
4.67228E14	846
4.67184E14	662
4.67139E14	568
4.67094E14	505
4.6705E14	451
4.67005E14	660
4.66961E14	1033
4.66916E14	689
4.66871E14	687
4.66827E14	695
4.66782E14	347
4.66738E14	590
4.66693E14	989
4.66649E14	794
4.66604E14	708
4.6656E14	712
4.66515E14	581
4.66471E14	449
4.66426E14	477
4.66382E14	1053
4.66337E14	626
4.66293E14	565
4.66248E14	438
4.66204E14	422
4.6616E14	678
4.66115E14	1074
4.66071E14	767
4.66026E14	744
4.65982E14	531
4.65938E14	409
4.65893E14	602
4.65849E14	1050
4.65804E14	730
4.6576E14	686
4.65716E14	763
4.65671E14	570
4.65627E14	455
4.65583E14	698
4.65538E14	814
4.65494E14	708
4.6545E14	570
4.65406E14	559
4.65361E14	447
4.65317E14	638
4.65273E14	1080
4.65228E14	742
4.65184E14	671
4.6514E14	621
4.65096E14	637
4.65052E14	368
4.65007E14	496
4.64963E14	822
4.64919E14	744
4.64875E14	663
4.64831E14	615
4.64786E14	588
4.64742E14	579
4.64698E14	1084
4.64654E14	807
4.6461E14	539
4.64566E14	596
4.64522E14	421
4.64477E14	526
4.64433E14	919
4.64389E14	788
4.64345E14	717
4.64301E14	509
4.64257E14	651
4.64213E14	674
4.64169E14	662
4.64125E14	1021
4.64081E14	897
4.64037E14	748
4.63993E14	498
4.63949E14	408
4.63905E14	605
4.63861E14	992
4.63817E14	761
4.63773E14	660
4.63729E14	730
4.63685E14	538
4.63641E14	456
4.63597E14	617
4.63553E14	1133
4.63509E14	831
4.63465E14	848
4.63421E14	539
4.63377E14	438
4.63334E14	609
4.6329E14	1237
4.63246E14	965
4.63202E14	859
4.63158E14	678
4.63114E14	539
4.6307E14	645
4.63027E14	1023
4.62983E14	683
4.62939E14	591
4.62895E14	610
4.62851E14	635
4.62808E14	405
4.62764E14	625
4.6272E14	1080
4.62676E14	672
4.62632E14	569
4.62589E14	555
4.62545E14	503
4.62501E14	557
4.62458E14	1036
4.62414E14	719
4.6237E14	590
4.62326E14	772
4.62283E14	567
4.62239E14	483
4.62195E14	575
4.62152E14	939
4.62108E14	772
4.62064E14	620
4.62021E14	444
4.61977E14	384
4.61933E14	617
4.6189E14	1146
4.61846E14	701
4.61803E14	609
4.61759E14	533
4.61715E14	442
4.61672E14	731
4.61628E14	974
4.61585E14	772
4.61541E14	832
4.61498E14	671
4.61454E14	623
4.61411E14	469
4.61367E14	718
4.61324E14	814
4.6128E14	859
4.61237E14	624
4.61193E14	606
4.6115E14	514
4.61106E14	723
4.61063E14	964
4.61019E14	718
4.60976E14	764
4.60932E14	749
4.60889E14	493
4.60845E14	593
4.60802E14	600
4.60759E14	989
4.60715E14	743
4.60672E14	740
4.60628E14	695
4.60585E14	613
4.60542E14	600
4.60498E14	537
4.60455E14	713
4.60412E14	622
4.60368E14	659
4.60325E14	512
4.60282E14	582
4.60238E14	847
4.60195E14	767
4.60152E14	736
4.60109E14	692
4.60065E14	496
4.60022E14	330
4.59979E14	741
4.59935E14	1026
4.59892E14	775
4.59849E14	590
4.59806E14	511
4.59763E14	423
4.59719E14	539
4.59676E14	954
4.59633E14	696
4.5959E14	577
4.59547E14	666
4.59503E14	641
4.5946E14	521
4.59417E14	641
4.59374E14	981
4.59331E14	719
4.59288E14	724
4.59245E14	447
4.59201E14	581
4.59158E14	518
4.59115E14	1004
4.59072E14	561
4.59029E14	612
4.58986E14	535
4.58943E14	335
4.589E14	476
4.58857E14	949
4.58814E14	666
4.58771E14	636
4.58728E14	763
4.58685E14	681
4.58642E14	611
4.58599E14	572
4.58556E14	882
4.58513E14	762
4.5847E14	707
4.58427E14	570
4.58384E14	516
4.58341E14	624
4.58298E14	953
4.58255E14	815
4.58212E14	803
4.58169E14	673
4.58126E14	611
4.58083E14	406
4.58041E14	551
4.57998E14	972
4.57955E14	841
4.57912E14	668
4.57869E14	416
4.57826E14	465
4.57783E14	582
4.5774E14	963
4.57698E14	733
4.57655E14	644
4.57612E14	730
4.57569E14	396
4.57526E14	684
4.57484E14	1074
4.57441E14	683
4.57398E14	657
4.57355E14	604
4.57313E14	542
4.5727E14	506
4.57227E14	658
4.57184E14	813
4.57142E14	672
4.57099E14	590
4.57056E14	545
4.57013E14	438
4.56971E14	730
4.56928E14	972
4.56885E14	758
4.56843E14	737
4.568E14	673
4.56757E14	711
4.56715E14	484
4.56672E14	794
4.56629E14	1024
4.56587E14	838
4.56544E14	658
4.56502E14	534
4.56459E14	499
4.56416E14	581
4.56374E14	885
4.56331E14	871
4.56289E14	689
4.56246E14	776
4.56204E14	528
4.56161E14	466
4.56119E14	974
4.56076E14	715
4.56033E14	612
4.55991E14	723
4.55948E14	407
4.55906E14	400
4.55864E14	808
4.55821E14	1093
4.55779E14	781
4.55736E14	588
4.55694E14	448
4.55651E14	403
4.55609E14	868
4.55566E14	1208
4.55524E14	874
4.55481E14	641
4.55439E14	664
4.55397E14	577
4.55354E14	543
4.55312E14	660
4.5527E14	888
4.55227E14	876
4.55185E14	730
4.55142E14	742
4.551E14	486
4.55058E14	589
4.55015E14	1096
4.54973E14	841
4.54931E14	809
4.54888E14	563
4.54846E14	309
4.54804E14	639
4.54762E14	1130
4.54719E14	834
4.54677E14	658
4.54635E14	745
4.54593E14	682
4.5455E14	499
4.54508E14	633
4.54466E14	994
4.54424E14	790
4.54381E14	744
4.54339E14	726
4.54297E14	616
4.54255E14	563
4.54213E14	906
4.5417E14	808
4.54128E14	699
4.54086E14	671
4.54044E14	614
4.54002E14	526
4.5396E14	525
4.53918E14	931
4.53875E14	727
4.53833E14	617
4.53791E14	581
4.53749E14	547
4.53707E14	556
4.53665E14	914
4.53623E14	809
4.53581E14	809
4.53539E14	766
4.53497E14	438
4.53455E14	685
4.53413E14	899
4.53371E14	690
4.53329E14	677
4.53287E14	736
4.53245E14	756
4.53203E14	623
4.53161E14	742
4.53119E14	1100
4.53077E14	754
4.53035E14	684
4.52993E14	555
4.52951E14	479
4.52909E14	606
4.52867E14	1134
4.52825E14	850
4.52783E14	719
4.52741E14	635
4.52699E14	419
4.52657E14	548
4.52616E14	729
4.52574E14	884
4.52532E14	925
4.5249E14	630
4.52448E14	537
4.52406E14	511
4.52364E14	623
4.52323E14	1051
4.52281E14	693
4.52239E14	691
4.52197E14	771
4.52155E14	549
4.52114E14	687
4.52072E14	1014
4.5203E14	769
4.51988E14	677
4.51946E14	674
4.51905E14	916
4.51863E14	574
4.51821E14	714
4.5178E14	1138
4.51738E14	842
4.51696E14	682
4.51654E14	481
4.51613E14	383
4.51571E14	593
4.51529E14	1040
4.51488E14	805
4.51446E14	767
4.51404E14	638
4.51363E14	570
4.51321E14	426
4.51279E14	751
4.51238E14	1030
4.51196E14	863
4.51154E14	682
4.51113E14	457
4.51071E14	373
4.5103E14	762
4.50988E14	1030
4.50947E14	838
4.50905E14	607
4.50863E14	642
4.50822E14	449
4.5078E14	471
4.50739E14	812
4.50697E14	819
4.50656E14	776
4.50614E14	645
4.50573E14	523
4.50531E14	637
4.5049E14	601
4.50448E14	1019
4.50407E14	733
4.50365E14	686
4.50324E14	466
4.50282E14	435
4.50241E14	806
4.50199E14	1117
4.50158E14	797
4.50117E14	778
4.50075E14	848
4.50034E14	722
4.49992E14	615
4.49951E14	600
4.4991E14	979
4.49868E14	756
4.49827E14	704
4.49786E14	516
4.49744E14	354
4.49703E14	660
4.49661E14	1133
4.4962E14	827
4.49579E14	880
4.49537E14	605
4.49496E14	452
4.49455E14	520
4.49414E14	1272
4.49372E14	750
4.49331E14	714
4.4929E14	827
4.49248E14	560
4.49207E14	492
4.49166E14	796
4.49125E14	913
4.49084E14	656
4.49042E14	699
4.49001E14	590
4.4896E14	525
4.48919E14	625
4.48877E14	958
4.48836E14	709
4.48795E14	1296
4.48754E14	635
4.48713E14	489
4.48672E14	472
4.4863E14	588
4.48589E14	1310
4.48548E14	893
4.48507E14	715
4.48466E14	560
4.48425E14	412
4.48384E14	646
4.48343E14	1342
4.48302E14	963
4.4826E14	684
4.48219E14	590
4.48178E14	522
4.48137E14	579
4.48096E14	1139
4.48055E14	803
4.48014E14	642
4.47973E14	704
4.47932E14	508
4.47891E14	552
4.4785E14	582
4.47809E14	1011
4.47768E14	743
4.47727E14	639
4.47686E14	728
4.47645E14	549
4.47604E14	546
4.47563E14	1100
4.47522E14	760
4.47481E14	881
4.4744E14	755
4.47399E14	519
4.47359E14	577
4.47318E14	741
4.47277E14	1034
4.47236E14	738
4.47195E14	750
4.47154E14	647
4.47113E14	630
4.47072E14	694
4.47031E14	1087
4.46991E14	853
4.4695E14	669
4.46909E14	598
4.46868E14	434
4.46827E14	687
4.46786E14	1095
4.46746E14	797
4.46705E14	750
4.46664E14	711
4.46623E14	720
4.46583E14	429
4.46542E14	602
4.46501E14	944
4.4646E14	812
4.4642E14	618
4.46379E14	550
4.46338E14	456
4.46297E14	410
4.46257E14	1099
4.46216E14	937
4.46175E14	775
4.46135E14	626
4.46094E14	575
4.46053E14	343
4.46012E14	613
4.45972E14	952
4.45931E14	1047
4.4589E14	672
4.4585E14	617
4.45809E14	589
4.45769E14	672
4.45728E14	1101
4.45687E14	750
4.45647E14	757
4.45606E14	619
4.45566E14	650
4.45525E14	805
4.45484E14	1001
4.45444E14	712
4.45403E14	809
4.45363E14	671
4.45322E14	602
4.45282E14	656
4.45241E14	691
4.45201E14	1274
4.4516E14	873
4.4512E14	660
4.45079E14	693
4.45039E14	524
4.44998E14	684
4.44958E14	1208
4.44917E14	836
4.44877E14	896
4.44836E14	739
4.44796E14	616
4.44755E14	475
4.44715E14	670
4.44674E14	1889
4.44634E14	1040
4.44594E14	655
4.44553E14	459
4.44513E14	577
4.44472E14	766
4.44432E14	1020
4.44392E14	821
4.44351E14	749
4.44311E14	686
4.44271E14	614
4.4423E14	656
4.4419E14	1042
4.4415E14	858
4.44109E14	816
4.44069E14	831
4.44029E14	754
4.43988E14	685
4.43948E14	698
4.43908E14	938
4.43867E14	849
4.43827E14	735
4.43787E14	507
4.43747E14	442
4.43706E14	752
4.43666E14	1162
4.43626E14	893
4.43586E14	743
4.43545E14	731
4.43505E14	746
4.43465E14	690
4.43425E14	516
4.43385E14	670
4.43344E14	680
4.43304E14	703
4.43264E14	749
4.43224E14	451
4.43184E14	805
4.43144E14	1016
4.43104E14	609
4.43063E14	572
4.43023E14	669
4.42983E14	575
4.42943E14	603
4.42903E14	1027
4.42863E14	845
4.42823E14	802
4.42783E14	620
4.42743E14	550
4.42702E14	467
4.42662E14	652
4.42622E14	1067
4.42582E14	975
4.42542E14	873
4.42502E14	687
4.42462E14	524
4.42422E14	570
4.42382E14	978
4.42342E14	920
4.42302E14	798
4.42262E14	697
4.42222E14	432
4.42182E14	476
4.42142E14	775
4.42102E14	1201
4.42062E14	853
4.42022E14	806
4.41982E14	606
4.41943E14	498
4.41903E14	758
4.41863E14	1152
4.41823E14	848
4.41783E14	751
4.41743E14	592
4.41703E14	471
4.41663E14	606
4.41623E14	1338
4.41583E14	793
4.41544E14	870
4.41504E14	692
4.41464E14	657
4.41424E14	638
4.41384E14	651
4.41344E14	1046
4.41305E14	798
4.41265E14	660
4.41225E14	491
4.41185E14	472
4.41145E14	618
4.41106E14	914
4.41066E14	878
4.41026E14	752
4.40986E14	962
4.40947E14	648
4.40907E14	635
4.40867E14	938
4.40827E14	1301
4.40788E14	924
4.40748E14	880
4.40708E14	601
4.40669E14	391
4.40629E14	641
4.40589E14	1119
4.40549E14	1001
4.4051E14	733
4.4047E14	625
4.4043E14	829
4.40391E14	613
4.40351E14	1155
4.40312E14	790
4.40272E14	756
4.40232E14	695
4.40193E14	535
4.40153E14	570
4.40113E14	741
4.40074E14	1146
4.40034E14	1002
4.39995E14	722
4.39955E14	817
4.39916E14	582
4.39876E14	777
4.39836E14	1139
4.39797E14	844
4.39757E14	615
4.39718E14	785
4.39678E14	546
4.39639E14	455
4.39599E14	626
4.3956E14	1680
4.3952E14	1774
4.39481E14	806
4.39441E14	654
4.39402E14	491
4.39362E14	562
4.39323E14	1051
4.39283E14	842
4.39244E14	719
4.39205E14	765
4.39165E14	749
4.39126E14	928
4.39086E14	1188
4.39047E14	1006
4.39007E14	755
4.38968E14	698
4.38929E14	674
4.38889E14	496
4.3885E14	922
4.38811E14	1071
4.38771E14	808
4.38732E14	623
4.38692E14	679
4.38653E14	505
4.38614E14	879
4.38574E14	1016
4.38535E14	998
4.38496E14	783
4.38457E14	719
4.38417E14	572
4.38378E14	555
4.38339E14	738
4.38299E14	1011
4.3826E14	923
4.38221E14	747
4.38182E14	607
4.38142E14	500
4.38103E14	759
4.38064E14	1052
4.38025E14	832
4.37985E14	686
4.37946E14	547
4.37907E14	504
4.37868E14	663
4.37829E14	1199
4.37789E14	707
4.3775E14	784
4.37711E14	766
4.37672E14	614
4.37633E14	857
4.37594E14	697
4.37554E14	898
4.37515E14	784
4.37476E14	802
4.37437E14	661
4.37398E14	550
4.37359E14	602
4.3732E14	1161
4.37281E14	824
4.37242E14	752
4.37203E14	813
4.37163E14	700
4.37124E14	664
4.37085E14	660
4.37046E14	1127
4.37007E14	816
4.36968E14	615
4.36929E14	534
4.3689E14	445
4.36851E14	558
4.36812E14	985
4.36773E14	988
4.36734E14	899
4.36695E14	784
4.36656E14	474
4.36617E14	831
4.36578E14	1208
4.36539E14	968
4.365E14	603
4.36461E14	833
4.36422E14	658
4.36383E14	634
4.36345E14	699
4.36306E14	1165
4.36267E14	974
4.36228E14	826
4.36189E14	791
4.3615E14	770
4.36111E14	887
4.36072E14	1197
4.36033E14	880
4.35994E14	586
4.35956E14	674
4.35917E14	728
4.35878E14	542
4.35839E14	677
4.358E14	1154
4.35761E14	835
4.35723E14	722
4.35684E14	686
4.35645E14	590
4.35606E14	753
4.35567E14	958
4.35529E14	817
4.3549E14	884
4.35451E14	638
4.35412E14	513
4.35374E14	727
4.35335E14	1040
4.35296E14	958
4.35257E14	903
4.35219E14	805
4.3518E14	585
4.35141E14	688
4.35103E14	656
4.35064E14	1199
4.35025E14	866
4.34986E14	784
4.34948E14	674
4.34909E14	496
4.3487E14	882
4.34832E14	1284
4.34793E14	829
4.34754E14	737
4.34716E14	735
4.34677E14	700
4.34639E14	633
4.346E14	823
4.34561E14	1320
4.34523E14	1061
4.34484E14	792
4.34446E14	787
4.34407E14	678
4.34368E14	729
4.3433E14	1155
4.34291E14	895
4.34253E14	800
4.34214E14	710
4.34176E14	633
4.34137E14	592
4.34099E14	1310
4.3406E14	834
4.34022E14	815
4.33983E14	915
4.33945E14	646
4.33906E14	691
4.33868E14	800
4.33829E14	1142
4.33791E14	730
4.33752E14	755
4.33714E14	540
4.33675E14	589
4.33637E14	1020
4.33598E14	1211
4.3356E14	1122
4.33521E14	1048
4.33483E14	873
4.33445E14	714
4.33406E14	508
4.33368E14	566
4.33329E14	1006
4.33291E14	905
4.33253E14	738
4.33214E14	670
4.33176E14	557
4.33138E14	839
4.33099E14	1156
4.33061E14	827
4.33023E14	696
4.32984E14	758
4.32946E14	596
4.32908E14	785
4.32869E14	1165
4.32831E14	841
4.32793E14	852
4.32754E14	776
4.32716E14	925
4.32678E14	615
4.3264E14	991
4.32601E14	1124
4.32563E14	1111
4.32525E14	853
4.32487E14	596
4.32448E14	785
4.3241E14	806
4.32372E14	1143
4.32334E14	1025
4.32295E14	716
4.32257E14	878
4.32219E14	650
4.32181E14	675
4.32143E14	969
4.32105E14	1024
4.32066E14	830
4.32028E14	785
4.3199E14	814
4.31952E14	618
4.31914E14	741
4.31876E14	1175
4.31838E14	812
4.31799E14	811
4.31761E14	687
4.31723E14	605
4.31685E14	810
4.31647E14	1114
4.31609E14	791
4.31571E14	689
4.31533E14	783
4.31495E14	582
4.31457E14	389
4.31419E14	760
4.31381E14	1288
4.31342E14	1032
4.31304E14	761
4.31266E14	840
4.31228E14	818
4.3119E14	739
4.31152E14	1014
4.31114E14	847
4.31076E14	741
4.31038E14	726
4.31E14	665
4.30962E14	624
4.30924E14	799
4.30887E14	1082
4.30849E14	990
4.30811E14	815
4.30773E14	775
4.30735E14	460
4.30697E14	762
4.30659E14	1075
4.30621E14	860
4.30583E14	886
4.30545E14	703
4.30507E14	425
4.30469E14	762
4.30432E14	1110
4.30394E14	902
4.30356E14	873
4.30318E14	972
4.3028E14	671
4.30242E14	448
4.30204E14	694
4.30167E14	1098
4.30129E14	1093
4.30091E14	736
4.30053E14	763
4.30015E14	712
4.29978E14	661
4.2994E14	1200
4.29902E14	1004
4.29864E14	686
4.29826E14	826
4.29789E14	596
4.29751E14	539
4.29713E14	798
4.29675E14	1190
4.29638E14	1037
4.296E14	801
4.29562E14	761
4.29524E14	609
4.29487E14	885
4.29449E14	1200
4.29411E14	778
4.29374E14	760
4.29336E14	833
4.29298E14	649
4.29261E14	738
4.29223E14	1099
4.29185E14	820
4.29148E14	785
4.2911E14	1017
4.29072E14	734
4.29035E14	614
4.28997E14	759
4.28959E14	1218
4.28922E14	979
4.28884E14	926
4.28847E14	712
4.28809E14	633
4.28771E14	894
4.28734E14	1245
4.28696E14	953
4.28659E14	895
4.28621E14	993
4.28584E14	709
4.28546E14	751
4.28509E14	769
4.28471E14	1028
4.28433E14	875
4.28396E14	824
4.28358E14	702
4.28321E14	649
4.28283E14	669
4.28246E14	987
4.28208E14	916
4.28171E14	723
4.28133E14	820
4.28096E14	588
4.28059E14	779
4.28021E14	1315
4.27984E14	968
4.27946E14	851
4.27909E14	860
4.27871E14	943
4.27834E14	694
4.27796E14	726
4.27759E14	1117
4.27722E14	927
4.27684E14	753
4.27647E14	939
4.27609E14	950
4.27572E14	758
4.27535E14	935
4.27497E14	1173
4.2746E14	810
4.27423E14	794
4.27385E14	608
4.27348E14	598
4.27311E14	820
4.27273E14	1005
4.27236E14	878
4.27199E14	828
4.27161E14	762
4.27124E14	678
4.27087E14	725
4.2705E14	1076
4.27012E14	902
4.26975E14	835
4.26938E14	663
4.269E14	583
4.26863E14	769
4.26826E14	1038
4.26789E14	819
4.26751E14	705
4.26714E14	760
4.26677E14	601
4.2664E14	500
4.26603E14	624
4.26565E14	1146
4.26528E14	826
4.26491E14	832
4.26454E14	764
4.26417E14	544
4.26379E14	752
4.26342E14	1074
4.26305E14	906
4.26268E14	852
4.26231E14	776
4.26194E14	937
4.26157E14	914
4.26119E14	872
4.26082E14	1187
4.26045E14	922
4.26008E14	878
4.25971E14	682
4.25934E14	448
4.25897E14	896
4.2586E14	1177
4.25823E14	881
4.25786E14	843
4.25749E14	732
4.25712E14	594
4.25674E14	780
4.25637E14	1104
4.256E14	871
4.25563E14	879
4.25526E14	909
4.25489E14	616
4.25452E14	653
4.25415E14	837
4.25378E14	1279
4.25341E14	958
4.25304E14	875
4.25267E14	825
4.2523E14	560
4.25193E14	787
4.25157E14	1123
4.2512E14	980
4.25083E14	851
4.25046E14	996
4.25009E14	785
4.24972E14	528
4.24935E14	790
4.24898E14	1103
4.24861E14	890
4.24824E14	1057
4.24787E14	861
4.2475E14	612
4.24714E14	1131
4.24677E14	1288
4.2464E14	801
4.24603E14	1015
4.24566E14	768
4.24529E14	698
4.24492E14	808
4.24456E14	1116
4.24419E14	908
4.24382E14	773
4.24345E14	970
4.24308E14	752
4.24271E14	856
4.24235E14	841
4.24198E14	1359
4.24161E14	1005
4.24124E14	938
4.24088E14	844
4.24051E14	780
4.24014E14	679
4.23977E14	1318
4.23941E14	914
4.23904E14	855
4.23867E14	989
4.2383E14	628
4.23794E14	621
4.23757E14	825
4.2372E14	1172
4.23684E14	818
4.23647E14	758
4.2361E14	693
4.23573E14	596
4.23537E14	807
4.235E14	1132
4.23463E14	913
4.23427E14	868
4.2339E14	690
4.23354E14	565
4.23317E14	842
4.2328E14	1221
4.23244E14	841
4.23207E14	926
4.2317E14	1001
4.23134E14	761
4.23097E14	727
4.23061E14	733
4.23024E14	1072
4.22987E14	1010
4.22951E14	961
4.22914E14	777
4.22878E14	560
4.22841E14	1001
4.22805E14	1274
4.22768E14	990
4.22732E14	919
4.22695E14	754
4.22658E14	633
4.22622E14	608
4.22585E14	711
4.22549E14	1310
4.22512E14	985
4.22476E14	849
4.22439E14	787
4.22403E14	482
4.22367E14	1382
4.2233E14	1494
4.22294E14	914
4.22257E14	764
4.22221E14	755
4.22184E14	643
4.22148E14	780
4.22111E14	1074
4.22075E14	898
4.22039E14	958
4.22002E14	823
4.21966E14	659
4.21929E14	729
4.21893E14	966
4.21857E14	1303
4.2182E14	933
4.21784E14	987
4.21747E14	828
4.21711E14	690
4.21675E14	1009
4.21638E14	1032
4.21602E14	924
4.21566E14	1008
4.21529E14	865
4.21493E14	735
4.21457E14	505
4.2142E14	802
4.21384E14	1189
4.21348E14	844
4.21312E14	897
4.21275E14	759
4.21239E14	827
4.21203E14	772
4.21166E14	1192
4.2113E14	994
4.21094E14	953
4.21058E14	813
4.21021E14	670
4.20985E14	733
4.20949E14	1280
4.20913E14	1024
4.20877E14	832
4.2084E14	985
4.20804E14	832
4.20768E14	565
4.20732E14	945
4.20696E14	1137
4.20659E14	917
4.20623E14	806
4.20587E14	662
4.20551E14	765
4.20515E14	1205
4.20479E14	1301
4.20442E14	826
4.20406E14	845
4.2037E14	953
4.20334E14	835
4.20298E14	694
4.20262E14	1703
4.20226E14	1424
4.2019E14	912
4.20154E14	911
4.20117E14	867
4.20081E14	635
4.20045E14	787
4.20009E14	1293
4.19973E14	949
4.19937E14	983
4.19901E14	934
4.19865E14	645
4.19829E14	829
4.19793E14	1058
4.19757E14	865
4.19721E14	892
4.19685E14	993
4.19649E14	787
4.19613E14	757
4.19577E14	728
4.19541E14	1230
4.19505E14	872
4.19469E14	821
4.19433E14	727
4.19397E14	649
4.19361E14	681
4.19325E14	1167
4.19289E14	881
4.19253E14	1060
4.19217E14	869
4.19181E14	713
4.19145E14	484
4.1911E14	765
4.19074E14	1133
4.19038E14	847
4.19002E14	835
4.18966E14	687
4.1893E14	514
4.18894E14	768
4.18858E14	1216
4.18822E14	868
4.18787E14	842
4.18751E14	857
4.18715E14	734
4.18679E14	904
4.18643E14	1127
4.18607E14	1069
4.18572E14	833
4.18536E14	731
4.185E14	883
4.18464E14	708
4.18428E14	831
4.18393E14	1111
4.18357E14	914
4.18321E14	805
4.18285E14	856
4.1825E14	698
4.18214E14	943
4.18178E14	1047
4.18142E14	882
4.18107E14	800
4.18071E14	931
4.18035E14	786
4.17999E14	648
4.17964E14	811
4.17928E14	1191
4.17892E14	908
4.17857E14	867
4.17821E14	708
4.17785E14	516
4.17749E14	785
4.17714E14	1263
4.17678E14	849
4.17642E14	852
4.17607E14	872
4.17571E14	634
4.17536E14	663
4.175E14	1128
4.17464E14	926
4.17429E14	903
4.17393E14	909
4.17357E14	712
4.17322E14	641
4.17286E14	833
4.17251E14	1142
4.17215E14	969
4.17179E14	778
4.17144E14	913
4.17108E14	701
4.17073E14	1088
4.17037E14	1381
4.17002E14	1037
4.16966E14	927
4.1693E14	768
4.16895E14	837
4.16859E14	870
4.16824E14	728
4.16788E14	1111
4.16753E14	901
4.16717E14	910
4.16682E14	693
4.16646E14	764
4.16611E14	943
4.16575E14	1065
4.1654E14	892
4.16504E14	987
4.16469E14	1160
4.16434E14	774
4.16398E14	611
4.16363E14	1130
4.16327E14	863
4.16292E14	907
4.16256E14	952
4.16221E14	869
4.16186E14	632
4.1615E14	1084
4.16115E14	1276
4.16079E14	1028
4.16044E14	1017
4.16009E14	852
4.15973E14	655
4.15938E14	949
4.15902E14	1335
4.15867E14	1094
4.15832E14	941
4.15796E14	809
4.15761E14	698
4.15726E14	680
4.1569E14	810
4.15655E14	1247
4.1562E14	1021
4.15584E14	846
4.15549E14	703
4.15514E14	755
4.15479E14	822
4.15443E14	1210
4.15408E14	1034
4.15373E14	783
4.15337E14	833
4.15302E14	741
4.15267E14	1124
4.15232E14	1356
4.15196E14	938
4.15161E14	1074
4.15126E14	895
4.15091E14	721
4.15056E14	743
4.1502E14	627
4.14985E14	824
4.1495E14	710
4.14915E14	707
4.14879E14	602
4.14844E14	589
4.14809E14	616
4.14774E14	826
4.14739E14	633
4.14704E14	754
4.14668E14	718
4.14633E14	645
4.14598E14	466
4.14563E14	644
4.14528E14	785
4.14493E14	659
4.14458E14	792
4.14423E14	659
4.14387E14	579
4.14352E14	702
4.14317E14	697
4.14282E14	526
4.14247E14	610
4.14212E14	909
4.14177E14	669
4.14142E14	697
4.14107E14	826
4.14072E14	592
4.14037E14	668
4.14002E14	834
4.13967E14	648
4.13932E14	522
4.13897E14	590
4.13862E14	684
4.13827E14	652
4.13792E14	970
4.13757E14	699
4.13722E14	584
4.13687E14	586
4.13652E14	744
4.13617E14	626
4.13582E14	692
4.13547E14	742
4.13512E14	650
4.13477E14	573
4.13442E14	614
4.13407E14	686
4.13372E14	726
4.13337E14	920
4.13302E14	672
4.13267E14	448
4.13232E14	560
4.13197E14	694
4.13162E14	606
4.13128E14	696
4.13093E14	551
4.13058E14	428
4.13023E14	394
4.12988E14	454
4.12953E14	247
4.12918E14	390
4.12883E14	589
4.12849E14	490
4.12814E14	395
4.12779E14	322
4.12744E14	298
4.12709E14	303
4.12674E14	725
4.1264E14	489
4.12605E14	537
4.1257E14	398
4.12535E14	276
4.125E14	173
4.12466E14	336
4.12431E14	722
4.12396E14	490
4.12361E14	294
4.12327E14	277
4.12292E14	275
4.12257E14	353
4.12222E14	603
4.12188E14	545
4.12153E14	438
4.12118E14	398
4.12083E14	340
4.12049E14	207
4.12014E14	451
4.11979E14	543
4.11945E14	409
4.1191E14	333
4.11875E14	301
4.11841E14	260
4.11806E14	335
4.11771E14	623
4.11737E14	369
4.11702E14	357
4.11667E14	242
4.11633E14	151
4.11598E14	345
4.11563E14	997
4.11529E14	451
4.11494E14	473
4.11459E14	378
4.11425E14	242
4.1139E14	196
4.11356E14	438
4.11321E14	761
4.11287E14	496
4.11252E14	429
4.11217E14	331
4.11183E14	242
4.11148E14	301
4.11114E14	580
4.11079E14	526
4.11045E14	362
4.1101E14	425
4.10976E14	391
4.10941E14	200
4.10906E14	319
4.10872E14	648
4.10837E14	526
4.10803E14	343
4.10768E14	271
4.10734E14	138
4.10699E14	330
4.10665E14	700
4.10631E14	621
4.10596E14	493
4.10562E14	313
4.10527E14	357
4.10493E14	334
4.10458E14	586
4.10424E14	462
4.10389E14	340
4.10355E14	327
4.10321E14	179
4.10286E14	239
4.10252E14	412
4.10217E14	673
4.10183E14	396
4.10148E14	369
4.10114E14	394
4.1008E14	138
4.10045E14	346
4.10011E14	644
4.09977E14	505
4.09942E14	472
4.09908E14	288
4.09874E14	218
4.09839E14	227
4.09805E14	340
4.09771E14	610
4.09736E14	477
4.09702E14	500
4.09668E14	377
4.09633E14	197
4.09599E14	516
4.09565E14	666
4.0953E14	527
4.09496E14	293
4.09462E14	336
4.09428E14	288
4.09393E14	273
4.09359E14	929
4.09325E14	520
4.09291E14	372
4.09256E14	513
4.09222E14	377
4.09188E14	209
4.09154E14	451
4.09119E14	671
4.09085E14	445
4.09051E14	412
4.09017E14	384
4.08983E14	272
4.08948E14	268
4.08914E14	693
4.0888E14	402
4.08846E14	320
4.08812E14	335
4.08777E14	423
4.08743E14	225
4.08709E14	311
4.08675E14	868
4.08641E14	422
4.08607E14	399
4.08573E14	408
4.08538E14	227
4.08504E14	337
4.0847E14	695
4.08436E14	440
4.08402E14	530
4.08368E14	338
4.08334E14	271
4.083E14	613
4.08266E14	706
4.08232E14	432
4.08198E14	365
4.08164E14	387
4.08129E14	440
4.08095E14	303
4.08061E14	319
4.08027E14	684
4.07993E14	525
4.07959E14	423
4.07925E14	342
4.07891E14	204
4.07857E14	426
4.07823E14	624
4.07789E14	584
4.07755E14	511
4.07721E14	465
4.07687E14	308
4.07653E14	171
4.07619E14	367
4.07585E14	694
4.07551E14	431
4.07517E14	454
4.07483E14	345
4.0745E14	303
4.07416E14	321
4.07382E14	982
4.07348E14	421
4.07314E14	386
4.0728E14	365
4.07246E14	288
4.07212E14	431
4.07178E14	756
4.07144E14	522
4.0711E14	382
4.07077E14	336
4.07043E14	313
4.07009E14	277
4.06975E14	521
4.06941E14	663
4.06907E14	642
4.06873E14	425
4.0684E14	323
4.06806E14	265
4.06772E14	443
4.06738E14	665
4.06704E14	372
4.0667E14	472
4.06637E14	396
4.06603E14	253
4.06569E14	221
4.06535E14	388
4.06501E14	743
4.06468E14	445
4.06434E14	507
4.064E14	461
4.06366E14	325
4.06333E14	458
4.06299E14	702
4.06265E14	462
4.06231E14	396
4.06198E14	381
4.06164E14	342
4.0613E14	414
4.06096E14	731
4.06063E14	621
4.06029E14	394
4.05995E14	363
4.05962E14	346
4.05928E14	229
4.05894E14	406
4.05861E14	714
4.05827E14	630
4.05793E14	399
4.0576E14	310
4.05726E14	198
4.05692E14	311
4.05659E14	621
4.05625E14	637
4.05591E14	443
4.05558E14	431
4.05524E14	232
4.05491E14	196
4.05457E14	560
4.05423E14	760
4.0539E14	433
4.05356E14	279
4.05323E14	267
4.05289E14	154
4.05255E14	322
4.05222E14	791
4.05188E14	619
4.05155E14	593
4.05121E14	287
4.05088E14	321
4.05054E14	523
4.05021E14	676
4.04987E14	575
4.04953E14	474
4.0492E14	468
4.04886E14	328
4.04853E14	297
4.04819E14	460
4.04786E14	835
4.04752E14	471
4.04719E14	355
4.04685E14	421
4.04652E14	269
4.04618E14	363
4.04585E14	627
4.04552E14	469
4.04518E14	582
4.04485E14	404
4.04451E14	264
4.04418E14	257
4.04384E14	347
4.04351E14	753
4.04317E14	546
4.04284E14	398
4.04251E14	257
4.04217E14	137
4.04184E14	353
4.0415E14	631
4.04117E14	552
4.04084E14	427
4.0405E14	573
4.04017E14	368
4.03984E14	415
4.0395E14	595
4.03917E14	498
4.03883E14	422
4.0385E14	379
4.03817E14	251
4.03783E14	154
4.0375E14	320
4.03717E14	777
4.03684E14	604
4.0365E14	387
4.03617E14	254
4.03584E14	244
4.0355E14	397
4.03517E14	791
4.03484E14	514
4.0345E14	415
4.03417E14	494
4.03384E14	286
4.03351E14	223
4.03317E14	403
4.03284E14	679
4.03251E14	483
4.03218E14	419
4.03184E14	371
4.03151E14	207
4.03118E14	398
4.03085E14	803
4.03052E14	482
4.03018E14	362
4.02985E14	391
4.02952E14	231
4.02919E14	369
4.02886E14	817
4.02852E14	595
4.02819E14	429
4.02786E14	597
4.02753E14	251
4.0272E14	307
4.02687E14	448
4.02653E14	682
4.0262E14	554
4.02587E14	485
4.02554E14	473
4.02521E14	396
4.02488E14	489
4.02455E14	743
4.02422E14	421
4.02388E14	450
4.02355E14	483
4.02322E14	245
4.02289E14	290
4.02256E14	421
4.02223E14	703
4.0219E14	538
4.02157E14	413
4.02124E14	303
4.02091E14	191
4.02058E14	480
4.02025E14	751
4.01992E14	600
4.01959E14	498
4.01926E14	269
4.01893E14	293
4.01859E14	525
4.01826E14	757
4.01793E14	709
4.0176E14	453
4.01727E14	442
4.01694E14	308
4.01662E14	151
4.01629E14	423
4.01596E14	666
4.01563E14	457
4.0153E14	495
4.01497E14	361
4.01464E14	217
4.01431E14	449
4.01398E14	786
4.01365E14	639
4.01332E14	429
4.01299E14	380
4.01266E14	311
4.01233E14	273
4.012E14	433
4.01167E14	951
4.01134E14	619
4.01102E14	448
4.01069E14	377
4.01036E14	177
4.01003E14	359
4.0097E14	741
4.00937E14	548
4.00904E14	620
4.00871E14	431
4.00839E14	323
4.00806E14	361
4.00773E14	331
4.0074E14	368
4.00707E14	380
4.00674E14	409
4.00642E14	351
4.00609E14	676
4.00576E14	444
4.00543E14	635
4.0051E14	486
4.00478E14	696
4.00445E14	419
4.00412E14	292
4.00379E14	393
4.00347E14	606
4.00314E14	529
4.00281E14	413
4.00248E14	463
4.00216E14	274
4.00183E14	321
4.0015E14	402
4.00117E14	638
4.00085E14	462
4.00052E14	414
4.00019E14	250
