-0.60 0.08550 178.94
-0.57 0.08510 178.86
-0.53 0.08510 178.77
-0.59 0.08470 178.77
-0.58 0.08510 178.76
-0.56 0.08550 178.70
-0.54 0.08470 178.70
-0.50 0.08510 178.65
-0.40 0.08470 178.65
-0.28 0.08510 178.59
-0.17 0.08550 178.55
-0.17 0.08470 178.55
-0.00 0.08510 178.56
0.06 0.08510 178.56
0.25 0.08510 178.52
0.36 0.08510 178.51
0.50 0.08510 178.51
0.71 0.08470 178.49
0.83 0.08510 178.49
1.05 0.08510 178.49
1.12 0.08550 178.46
1.29 0.08510 178.46
1.35 0.08550 178.40
1.53 0.08510 178.40
1.60 0.08510 178.40
1.67 0.08550 178.35
1.87 0.08510 178.35
1.92 0.08550 178.31
2.07 0.08550 178.29
2.07 0.08510 178.29
2.25 0.08510 178.29
2.32 0.08510 178.29
2.40 0.08510 178.25
2.49 0.08550 178.23
2.58 0.08470 178.23
2.69 0.08510 178.19
2.69 0.08550 178.09
2.82 0.08510 178.09
2.87 0.08550 177.99
2.95 0.08550 177.90
2.96 0.08470 177.90
3.10 0.08510 177.85
3.14 0.08510 177.85
3.17 0.08470 177.76
3.29 0.08550 177.68
3.32 0.08510 177.68
3.43 0.08550 177.58
3.45 0.08510 177.58
3.55 0.08510 177.46
3.61 0.08550 177.38
3.66 0.08550 177.38
3.74 0.08550 177.27
3.79 0.08550 177.27
3.83 0.08510 177.18
3.88 0.08470 177.13
3.95 0.08510 177.13
4.00 0.08510 177.00
4.13 0.08590 176.89
4.18 0.08510 176.89
4.23 0.08550 176.83
4.34 0.08510 176.83
4.30 0.08510 176.75
4.38 0.08510 176.68
4.42 0.08470 176.68
4.56 0.08470 176.60
4.60 0.08510 176.60
4.67 0.08510 176.52
4.74 0.08550 176.49
4.73 0.08550 176.49
4.78 0.08470 176.46
4.86 0.08510 176.46
4.90 0.08510 176.51
4.93 0.08510 176.54
5.04 0.08550 176.54
5.12 0.08590 176.56
5.19 0.08550 176.61
5.21 0.08550 176.61
5.28 0.08510 176.66
5.28 0.08550 176.74
5.40 0.08510 176.74
5.47 0.08550 176.81
5.53 0.08550 176.81
5.52 0.08550 176.89
5.61 0.08550 176.96
5.66 0.08550 176.96
5.70 0.08550 177.05
5.78 0.08550 177.05
5.82 0.08590 177.10
5.82 0.08550 177.19
5.94 0.08550 177.19
6.01 0.08510 177.26
6.06 0.08590 177.26
6.07 0.08550 177.31
6.09 0.08590 177.38
6.24 0.08550 177.38
6.19 0.08590 177.43
6.32 0.08590 177.43
6.37 0.08630 177.48
6.38 0.08630 177.54
6.45 0.08590 177.54
6.52 0.08590 177.60
6.59 0.08660 177.60
6.62 0.08660 177.71
6.65 0.08660 177.73
6.70 0.08630 177.73
6.75 0.08630 177.73
6.90 0.08700 177.73
6.88 0.08660 177.73
6.93 0.08660 177.71
6.96 0.08630 177.71
7.08 0.08630 177.65
7.15 0.08700 177.61
7.14 0.08660 177.61
7.20 0.08660 177.60
7.26 0.08700 177.60
7.30 0.08700 177.61
7.42 0.08700 177.63
7.49 0.08700 177.63
7.50 0.08660 177.64
7.50 0.08740 177.66
7.61 0.08630 177.66
7.69 0.08660 177.68
7.75 0.08740 177.69
7.75 0.08700 177.69
7.83 0.08700 177.70
7.83 0.08740 177.74
7.94 0.08660 177.74
7.97 0.08700 177.76
7.98 0.08660 177.76
8.07 0.08700 177.79
8.15 0.08700 177.79
8.19 0.08700 177.84
8.24 0.08700 177.89
8.31 0.08660 177.89
8.37 0.08740 177.93
8.40 0.08700 177.93
8.44 0.08700 177.94
8.55 0.08700 177.94
8.60 0.08700 178.01
8.65 0.08700 178.01
8.71 0.08660 178.05
8.70 0.08740 178.13
8.75 0.08660 178.13
8.83 0.08660 178.23
8.91 0.08660 178.23
8.99 0.08660 178.30
9.01 0.08660 178.30
9.08 0.08660 178.36
9.06 0.08660 178.36
9.12 0.08700 178.39
9.20 0.08700 178.44
9.21 0.08660 178.44
9.28 0.08700 178.50
9.40 0.08700 178.50
9.44 0.08700 178.54
9.47 0.08780 178.63
9.53 0.08700 178.63
9.55 0.08660 178.71
9.59 0.08700 178.71
9.63 0.08700 178.76
9.73 0.08740 178.80
9.78 0.08700 178.80
9.84 0.08740 178.88
9.88 0.08740 178.88
9.96 0.08780 178.93
10.06 0.08780 179.01
10.05 0.08700 179.01
10.07 0.08740 179.06
10.10 0.08810 179.08
10.22 0.08740 179.08
10.30 0.08780 179.15
10.33 0.08850 179.15
10.42 0.08810 179.20
10.45 0.08930 179.29
10.50 0.08850 179.29
10.50 0.08890 179.38
10.57 0.08890 179.44
10.64 0.08890 179.44
10.66 0.08890 179.51
10.76 0.08930 179.51
10.79 0.08960 179.59
10.87 0.08960 179.69
10.93 0.08930 179.69
10.99 0.08960 179.76
10.99 0.09070 179.84
11.07 0.09070 179.84
11.11 0.09040 179.94
11.14 0.09110 179.94
11.25 0.09070 179.99
11.28 0.09110 179.99
11.37 0.09110 180.08
11.36 0.09220 180.18
11.45 0.09190 180.18
11.54 0.09220 180.24
11.58 0.09220 180.24
11.63 0.09260 180.30
11.62 0.09260 180.39
11.74 0.09300 180.39
11.79 0.09300 180.44
11.84 0.09340 180.44
11.89 0.09300 180.46
11.95 0.09300 180.46
11.95 0.09340 180.51
12.02 0.09340 180.54
12.09 0.09380 180.54
12.14 0.09340 180.56
12.19 0.09340 180.56
12.25 0.09300 180.58
12.31 0.09300 180.58
12.32 0.09300 180.58
12.45 0.09260 180.63
12.51 0.09300 180.63
12.45 0.09260 180.66
12.57 0.09220 180.66
12.63 0.09260 180.69
12.63 0.09220 180.69
12.73 0.09260 180.71
12.81 0.09260 180.74
12.82 0.09190 180.74
12.88 0.09190 180.75
12.90 0.09190 180.75
13.00 0.09150 180.77
13.01 0.09150 180.77
13.08 0.09110 180.80
13.15 0.09150 180.77
13.21 0.09150 180.77
13.28 0.09110 180.76
13.35 0.09070 180.76
13.39 0.09070 180.76
13.40 0.09110 180.75
13.45 0.09070 180.75
13.48 0.09040 180.76
13.59 0.09040 180.76
13.58 0.09000 180.76
13.69 0.09040 180.81
13.70 0.09040 180.81
13.81 0.09000 180.85
13.83 0.09070 180.90
13.90 0.09000 180.90
13.93 0.09000 180.93
14.01 0.09040 180.96
14.08 0.08960 180.96
14.11 0.09000 181.00
14.15 0.09000 181.00
14.21 0.09000 181.02
14.31 0.09040 181.08
14.29 0.09000 181.08
14.34 0.09040 181.14
14.45 0.09070 181.19
14.48 0.09070 181.19
14.54 0.09040 181.19
14.56 0.09040 181.19
14.63 0.09070 181.23
14.72 0.09110 181.24
14.72 0.09110 181.24
14.77 0.09110 181.27
14.88 0.09110 181.27
14.93 0.09150 181.33
14.92 0.09220 181.36
15.05 0.09220 181.36
15.07 0.09260 181.39
15.09 0.09260 181.39
15.18 0.09260 181.43
15.26 0.09300 181.44
15.24 0.09340 181.44
15.30 0.09410 181.46
15.40 0.09450 181.46
15.39 0.09450 181.51
15.47 0.09560 181.54
15.50 0.09560 181.54
15.56 0.09600 181.59
15.68 0.09680 181.61
15.68 0.09680 181.61
15.79 0.09750 181.64
15.77 0.09820 181.64
15.87 0.09820 181.64
15.87 0.09900 181.64
15.93 0.09940 181.64
15.98 0.10010 181.60
16.10 0.10050 181.55
16.15 0.10160 181.55
16.14 0.10160 181.51
16.25 0.10240 181.51
16.32 0.10310 181.54
16.37 0.10390 181.52
16.41 0.10390 181.52
16.48 0.10460 181.51
16.46 0.10500 181.51
16.56 0.10540 181.51
16.65 0.10610 181.50
16.65 0.10580 181.50
16.71 0.10540 181.50
16.73 0.10690 181.54
16.82 0.10650 181.54
16.87 0.10690 181.55
16.93 0.10650 181.55
17.00 0.10650 181.59
17.00 0.10690 181.58
17.05 0.10650 181.58
17.13 0.10580 181.52
17.20 0.10610 181.52
17.28 0.10610 181.52
17.31 0.10610 181.44
17.36 0.10500 181.44
17.43 0.10500 181.39
17.46 0.10460 181.39
17.49 0.10420 181.33
17.55 0.10390 181.30
17.64 0.10310 181.30
17.65 0.10240 181.26
17.75 0.10240 181.26
17.79 0.10200 181.24
17.78 0.10130 181.24
17.85 0.10090 181.24
17.99 0.10090 181.25
17.99 0.09970 181.25
18.02 0.09970 181.20
18.12 0.09900 181.20
18.19 0.09900 181.18
18.19 0.09900 181.15
18.23 0.09790 181.15
18.38 0.09750 181.14
18.41 0.09710 181.14
18.44 0.09680 181.11
18.44 0.09680 181.11
18.52 0.09640 181.11
18.61 0.09560 181.10
18.63 0.09600 181.10
18.66 0.09560 181.08
18.75 0.09530 181.06
18.78 0.09530 181.06
18.88 0.09530 181.09
18.95 0.09490 181.09
18.90 0.09490 181.11
18.98 0.09490 181.11
19.05 0.09490 181.11
19.07 0.09410 181.18
19.18 0.09490 181.25
19.18 0.09490 181.25
19.24 0.09490 181.34
19.30 0.09530 181.34
19.39 0.09560 181.36
19.46 0.09600 181.43
19.51 0.09600 181.43
19.52 0.09600 181.49
19.58 0.09640 181.49
19.68 0.09640 181.54
19.71 0.09750 181.58
19.79 0.09750 181.58
19.83 0.09790 181.65
19.82 0.09790 181.65
19.91 0.09820 181.71
19.99 0.09940 181.76
19.99 0.09940 181.76
20.08 0.10050 181.77
20.12 0.10090 181.77
20.16 0.10130 181.83
20.27 0.10240 181.81
20.30 0.10270 181.81
20.30 0.10310 181.79
20.33 0.10420 181.79
20.45 0.10500 181.80
20.52 0.10580 181.80
20.58 0.10690 181.79
20.56 0.10800 181.76
20.68 0.10880 181.76
20.73 0.10910 181.74
20.71 0.10990 181.74
20.80 0.11100 181.70
20.92 0.11250 181.65
20.96 0.11360 181.65
21.02 0.11400 181.60
20.98 0.11550 181.60
21.08 0.11590 181.52
21.16 0.11810 181.49
21.18 0.11890 181.49
21.25 0.11960 181.43
21.26 0.12150 181.35
21.34 0.12190 181.35
21.36 0.12380 181.29
21.49 0.12450 181.29
21.45 0.12520 181.20
21.56 0.12680 181.13
21.64 0.12710 181.13
21.70 0.12710 181.04
21.69 0.12750 181.04
21.78 0.12860 180.96
21.80 0.12860 180.89
21.84 0.12860 180.89
21.89 0.12900 180.81
22.01 0.12860 180.81
22.07 0.12820 180.76
22.04 0.12860 180.74
22.10 0.12790 180.74
22.20 0.12790 180.69
22.27 0.12790 180.65
22.29 0.12640 180.65
22.32 0.12600 180.61
22.44 0.12490 180.61
22.44 0.12410 180.56
22.55 0.12410 180.50
22.54 0.12260 180.50
22.62 0.12150 180.49
22.64 0.12040 180.49
22.73 0.11960 180.44
22.81 0.11920 180.44
22.87 0.11740 180.44
22.90 0.11660 180.45
22.91 0.11550 180.46
22.95 0.11400 180.46
23.02 0.11290 180.48
23.09 0.11210 180.48
23.13 0.11140 180.48
23.22 0.11060 180.48
23.27 0.10950 180.52
23.27 0.10840 180.52
23.40 0.10800 180.54
23.48 0.10760 180.56
23.49 0.10610 180.56
23.57 0.10610 180.61
23.61 0.10500 180.61
23.66 0.10500 180.65
23.65 0.10460 180.70
23.73 0.10390 180.70
23.73 0.10350 180.70
23.82 0.10310 180.70
23.93 0.10310 180.73
23.91 0.10310 180.73
24.02 0.10240 180.73
24.08 0.10270 180.71
24.12 0.10200 180.71
24.16 0.10240 180.74
24.24 0.10240 180.75
24.28 0.10270 180.75
24.36 0.10270 180.80
24.41 0.10310 180.80
24.45 0.10350 180.79
24.44 0.10350 180.79
24.57 0.10420 180.81
24.59 0.10460 180.81
24.62 0.10500 180.81
24.68 0.10580 180.79
24.78 0.10610 180.79
24.83 0.10690 180.76
24.86 0.10760 180.76
24.86 0.10880 180.74
24.97 0.10950 180.69
24.99 0.10990 180.69
25.04 0.11060 180.59
25.14 0.11180 180.59
25.14 0.11290 180.54
25.21 0.11440 180.49
