-0.62 -0.06490 189.45
-0.57 -0.06520 189.45
-0.60 -0.06640 189.46
-0.60 -0.06560 189.46
-0.58 -0.06520 189.48
-0.51 -0.06640 189.44
-0.54 -0.06600 189.44
-0.47 -0.06640 189.43
-0.48 -0.06450 189.44
-0.36 -0.06560 189.44
-0.26 -0.06450 189.44
-0.13 -0.06640 189.48
-0.06 -0.06490 189.48
0.02 -0.06520 189.54
0.23 -0.06600 189.59
0.26 -0.06560 189.59
0.43 -0.06520 189.69
0.67 -0.06600 189.71
0.74 -0.06520 189.71
0.97 -0.06600 189.77
1.04 -0.06600 189.81
1.20 -0.06450 189.81
1.31 -0.06490 189.84
1.43 -0.06490 189.94
1.51 -0.06490 189.94
1.69 -0.06560 190.00
1.81 -0.06490 190.06
1.89 -0.06640 190.06
2.00 -0.06520 190.14
2.05 -0.06560 190.19
2.17 -0.06560 190.19
2.24 -0.06560 190.24
2.32 -0.06520 190.30
2.45 -0.06490 190.30
2.50 -0.06560 190.36
2.65 -0.06790 190.43
2.65 -0.06670 190.43
2.75 -0.06750 190.50
2.83 -0.06710 190.52
2.89 -0.06670 190.52
2.96 -0.06640 190.59
2.98 -0.06670 190.58
3.12 -0.06670 190.58
3.20 -0.06710 190.59
3.31 -0.06640 190.59
3.28 -0.06520 190.58
3.35 -0.06600 190.58
3.44 -0.06520 190.58
3.57 -0.06600 190.59
3.60 -0.06560 190.58
3.63 -0.06560 190.58
3.77 -0.06640 190.59
3.79 -0.06520 190.63
3.83 -0.06490 190.63
3.84 -0.06450 190.64
4.00 -0.06520 190.64
4.00 -0.06380 190.66
4.05 -0.06450 190.73
4.19 -0.06490 190.73
4.24 -0.06640 190.76
4.23 -0.06490 190.76
4.36 -0.06670 190.77
4.38 -0.06600 190.80
4.44 -0.06560 190.80
4.45 -0.06520 190.79
4.62 -0.06600 190.79
4.65 -0.06490 190.76
4.68 -0.06410 190.75
4.76 -0.06490 190.75
4.80 -0.06450 190.70
4.83 -0.06340 190.69
4.95 -0.06380 190.69
4.93 -0.06260 190.70
5.02 -0.06380 190.70
5.10 -0.06300 190.74
5.08 -0.06300 190.74
5.20 -0.06190 190.74
5.21 -0.06080 190.74
5.26 -0.06110 190.74
5.30 -0.05920 190.74
5.41 -0.06000 190.75
5.52 -0.05960 190.76
5.52 -0.05850 190.76
5.57 -0.05700 190.77
5.58 -0.05620 190.74
5.71 -0.05740 190.74
5.73 -0.05590 190.65
5.84 -0.05440 190.58
5.85 -0.05320 190.58
5.91 -0.05210 190.48
5.93 -0.05030 190.38
6.06 -0.04990 190.38
6.09 -0.04910 190.25
6.13 -0.04840 190.25
6.16 -0.04650 190.16
6.19 -0.04570 190.06
6.33 -0.04500 190.06
6.31 -0.04130 190.00
6.35 -0.03940 190.00
6.49 -0.03980 189.98
6.52 -0.03790 189.96
6.58 -0.03710 189.96
6.64 -0.03530 189.94
6.65 -0.03450 189.94
6.75 -0.03410 189.84
6.76 -0.03260 189.76
6.88 -0.03190 189.76
6.91 -0.02930 189.69
6.95 -0.02890 189.63
7.02 -0.02810 189.63
7.06 -0.02700 189.55
7.08 -0.02440 189.46
7.19 -0.02480 189.46
7.23 -0.02250 189.36
7.30 -0.01990 189.24
7.32 -0.01910 189.24
7.39 -0.01730 189.18
7.40 -0.01580 189.15
7.51 -0.01460 189.15
7.51 -0.01270 189.11
7.61 -0.01240 189.05
7.63 -0.01130 189.05
7.73 -0.01050 189.01
7.71 -0.00750 189.02
7.79 -0.00710 189.02
7.82 -0.00600 189.01
7.89 -0.00490 189.01
7.95 -0.00370 189.04
7.99 -0.00340 189.01
8.05 -0.00260 189.01
8.16 -0.00150 188.96
8.16 -0.00040 188.96
8.23 0.00040 188.89
8.33 0.00150 188.84
8.29 0.00300 188.84
8.35 0.00340 188.80
8.40 0.00370 188.77
8.46 0.00340 188.77
8.52 0.00410 188.71
8.61 0.00490 188.71
8.62 0.00560 188.70
8.66 0.00520 188.68
8.80 0.00520 188.68
8.81 0.00680 188.68
8.84 0.00750 188.68
8.90 0.00830 188.68
8.97 0.00790 188.69
9.00 0.00750 188.69
9.08 0.00830 188.68
9.13 0.00680 188.66
9.12 0.00830 188.66
9.25 0.00790 188.65
9.27 0.00940 188.65
9.35 0.00900 188.64
9.38 0.00980 188.64
9.46 0.01010 188.64
9.49 0.01050 188.63
9.55 0.01090 188.63
9.61 0.01090 188.60
9.64 0.01350 188.58
9.73 0.01270 188.58
9.83 0.01430 188.56
9.87 0.01460 188.56
9.89 0.01690 188.56
9.91 0.01690 188.58
10.03 0.01650 188.58
10.00 0.01910 188.56
10.09 0.01760 188.60
10.14 0.02030 188.60
10.22 0.02100 188.61
10.29 0.02290 188.61
10.34 0.02630 188.66
10.37 0.02810 188.65
10.39 0.02890 188.65
10.49 0.03080 188.68
10.55 0.03380 188.68
10.53 0.03600 188.68
10.68 0.03830 188.69
10.69 0.04280 188.69
10.77 0.04390 188.74
10.79 0.04840 188.80
10.87 0.05060 188.80
10.91 0.05440 188.85
10.94 0.05740 188.89
10.98 0.06190 188.89
11.07 0.06520 188.94
11.07 0.07200 188.94
11.15 0.07730 188.94
11.24 0.08060 188.98
11.29 0.08630 188.98
11.30 0.09000 189.00
11.40 0.09560 189.04
11.43 0.09940 189.04
11.53 0.10540 189.08
11.53 0.11210 189.13
11.59 0.11660 189.13
11.59 0.12260 189.18
11.69 0.12600 189.25
11.73 0.13350 189.25
11.76 0.13610 189.27
11.80 0.14140 189.30
11.93 0.14510 189.30
11.97 0.15150 189.34
12.04 0.15600 189.40
12.06 0.15940 189.40
12.14 0.16310 189.41
12.13 0.16650 189.44
12.19 0.17060 189.44
12.26 0.17250 189.45
12.38 0.17590 189.45
12.35 0.18000 189.45
12.45 0.18190 189.41
12.44 0.18450 189.38
12.57 0.18490 189.38
12.62 0.18710 189.36
12.68 0.18710 189.36
12.73 0.18820 189.36
12.76 0.18860 189.36
12.83 0.19010 189.36
12.85 0.19120 189.35
12.88 0.19050 189.36
12.99 0.19010 189.36
12.99 0.19010 189.34
13.08 0.18900 189.31
13.14 0.18750 189.31
13.19 0.18710 189.30
13.26 0.18450 189.30
13.28 0.18490 189.30
13.34 0.18220 189.29
13.41 0.17960 189.29
13.47 0.17890 189.27
13.50 0.17770 189.27
13.58 0.17550 189.29
13.63 0.17360 189.26
13.67 0.17170 189.26
13.70 0.16990 189.25
13.73 0.16800 189.25
13.79 0.16570 189.25
13.91 0.16310 189.26
13.91 0.16200 189.26
13.94 0.15940 189.29
14.06 0.15750 189.30
14.06 0.15640 189.30
14.14 0.15410 189.29
14.14 0.15300 189.30
14.28 0.15150 189.30
14.31 0.15040 189.31
14.39 0.14920 189.31
14.34 0.14960 189.31
14.42 0.14960 189.35
14.48 0.14920 189.36
14.51 0.15040 189.36
14.64 0.14810 189.35
14.70 0.15000 189.34
14.71 0.15070 189.34
14.77 0.15380 189.36
14.78 0.15450 189.38
14.90 0.15750 189.38
14.94 0.16090 189.40
15.01 0.16280 189.40
15.04 0.16760 189.45
15.09 0.17060 189.49
15.12 0.17470 189.49
15.22 0.17810 189.54
15.28 0.18410 189.60
15.30 0.18970 189.60
15.33 0.19760 189.66
15.37 0.20700 189.66
15.51 0.21110 189.74
15.55 0.22160 189.83
15.54 0.22950 189.83
15.64 0.23890 189.90
15.71 0.24670 189.90
15.73 0.25910 189.98
15.77 0.27380 190.06
15.83 0.28280 190.06
15.92 0.29590 190.15
15.96 0.30490 190.15
15.96 0.32170 190.20
16.05 0.33110 190.29
16.09 0.34800 190.29
16.17 0.35810 190.34
16.20 0.37610 190.40
16.30 0.39450 190.40
16.35 0.40720 190.46
16.40 0.42600 190.46
16.43 0.43730 190.52
16.46 0.45520 190.59
16.55 0.46650 190.59
16.61 0.48340 190.63
16.62 0.50250 190.66
16.70 0.51110 190.66
16.77 0.52570 190.69
16.81 0.53360 190.71
16.79 0.54750 190.71
16.88 0.55390 190.71
16.92 0.56290 190.71
16.97 0.56890 190.71
17.10 0.57640 190.70
17.14 0.58390 190.65
17.16 0.58730 190.65
17.22 0.59100 190.60
17.25 0.59400 190.59
17.31 0.59470 190.59
17.34 0.59590 190.54
17.48 0.59400 190.51
17.48 0.59250 190.51
17.58 0.58880 190.45
17.55 0.58610 190.45
17.68 0.58050 190.45
17.71 0.57530 190.40
17.80 0.56890 190.40
17.77 0.56250 190.40
17.85 0.55540 190.40
17.93 0.54490 190.40
17.99 0.53440 190.43
18.02 0.52540 190.46
18.09 0.51380 190.46
18.15 0.50660 190.46
18.18 0.49460 190.48
18.26 0.48560 190.48
18.25 0.47630 190.46
18.31 0.46310 190.46
18.40 0.45300 190.46
18.48 0.44060 190.51
18.53 0.43200 190.55
18.59 0.42110 190.55
18.56 0.41360 190.60
18.61 0.40270 190.63
18.67 0.39600 190.63
18.77 0.38590 190.70
18.84 0.37610 190.70
18.84 0.36860 190.74
18.92 0.36040 190.76
18.94 0.35590 190.76
18.99 0.34910 190.83
19.05 0.34430 190.83
19.12 0.33940 190.88
19.17 0.33380 190.96
19.28 0.33080 190.96
19.25 0.32810 191.00
19.31 0.32590 191.01
19.36 0.32590 191.01
19.46 0.32480 191.00
19.45 0.32700 191.00
19.52 0.32780 191.02
19.61 0.32930 190.99
19.67 0.33490 190.99
19.71 0.33860 191.00
19.77 0.34540 191.02
19.87 0.34910 191.02
19.88 0.35810 191.04
19.89 0.36450 191.04
19.99 0.37580 191.08
20.04 0.38890 191.08
20.13 0.39710 191.08
20.13 0.41180 191.05
20.21 0.42150 191.02
20.21 0.43950 191.02
20.32 0.44930 190.99
20.33 0.47170 190.98
20.39 0.48560 190.98
20.52 0.50510 190.94
20.54 0.52990 190.94
20.56 0.54750 190.93
20.64 0.57450 190.86
20.71 0.59030 190.86
20.76 0.61910 190.81
20.80 0.63980 190.75
20.83 0.67120 190.75
20.85 0.70650 190.73
20.94 0.72900 190.66
20.97 0.76350 190.66
21.07 0.78790 190.69
21.08 0.82990 190.69
21.16 0.84980 190.69
21.15 0.88430 190.63
21.27 0.91050 190.64
21.31 0.95400 190.64
21.40 0.98810 190.60
21.41 1.01320 190.56
21.44 1.04890 190.56
21.51 1.07170 190.54
21.55 1.10780 190.54
21.61 1.12870 190.54
21.70 1.16020 190.55
21.77 1.18870 190.55
21.80 1.20220 190.56
21.84 1.22440 190.55
21.85 1.23150 190.55
21.93 1.24690 190.56
21.97 1.25470 190.56
22.01 1.26190 190.56
22.14 1.26450 190.58
22.13 1.26790 190.58
22.17 1.26640 190.60
22.28 1.26150 190.60
22.32 1.25620 190.65
22.39 1.24760 190.71
22.42 1.23640 190.71
22.44 1.22660 190.77
22.53 1.20940 190.77
22.56 1.18840 190.79
22.64 1.17000 190.86
22.68 1.14670 190.86
22.79 1.12800 190.89
22.76 1.10020 190.89
22.83 1.08000 190.91
22.93 1.04620 190.95
22.94 1.02860 190.95
22.97 0.99600 190.96
23.06 0.96380 190.96
23.14 0.93860 190.96
23.19 0.90640 190.96
23.25 0.88500 190.96
23.26 0.85540 190.95
23.29 0.83550 190.95
23.41 0.80620 190.91
23.47 0.77140 190.88
23.48 0.75080 190.88
23.51 0.72490 190.84
23.56 0.70650 190.79
23.68 0.68170 190.79
23.71 0.66490 190.70
23.76 0.64050 190.66
23.79 0.62740 190.66
23.89 0.61050 190.61
23.87 0.59290 190.61
23.95 0.58130 190.56
24.02 0.56700 190.54
24.07 0.55840 190.54
24.14 0.54790 190.48
24.17 0.54300 190.48
24.29 0.53590 190.38
24.27 0.53320 190.29
24.34 0.53140 190.29
24.36 0.53290 190.23
24.42 0.53290 190.23
24.52 0.53660 190.18
24.51 0.53890 190.10
24.57 0.54640 190.10
24.69 0.55270 190.04
24.73 0.56480 189.99
24.74 0.58090 189.99
24.82 0.59180 189.93
24.83 0.61050 189.93
24.93 0.62400 189.83
25.00 0.64690 189.75
25.04 0.66230 189.75
25.11 0.68890 189.68
25.11 0.72110 189.59
25.19 0.73990 189.59
25.25 0.77030 189.52
25.33 0.79430 189.50
25.35 0.82880 189.50
25.41 0.85390 189.49
25.44 0.89360 189.49
25.54 0.92060 189.45
25.57 0.96900 189.41
25.62 1.01470 189.41
25.70 1.04920 189.35
25.68 1.09950 189.35
25.74 1.13470 189.26
25.85 1.18840 189.21
25.87 1.22470 189.21
25.98 1.27840 189.19
25.98 1.34360 189.19
26.08 1.38600 189.19
26.08 1.44710 189.15
26.17 1.48910 189.15
26.19 1.55140 189.15
26.22 1.59520 189.19
26.28 1.66160 189.19
26.31 1.70020 189.20
26.45 1.76470 189.19
26.46 1.83110 189.19
26.55 1.87010 189.21
26.53 1.92410 189.27
26.60 1.96460 189.27
26.65 2.01000 189.33
26.76 2.04040 189.38
26.80 2.07640 189.38
26.86 2.11200 189.45
26.85 2.13410 189.45
26.89 2.15700 189.51
27.03 2.16680 189.59
27.00 2.17840 189.59
27.07 2.18180 189.68
27.12 2.18210 189.68
27.21 2.17760 189.74
27.29 2.16790 189.85
27.29 2.15360 189.85
27.36 2.13410 189.94
27.38 2.10980 189.94
27.46 2.08650 190.05
27.55 2.04860 190.14
27.54 2.02430 190.14
27.63 1.98300 190.25
27.68 1.92940 190.25
27.70 1.89640 190.36
27.75 1.84050 190.45
27.80 1.80150 190.45
27.88 1.74640 190.52
27.98 1.70360 190.59
27.96 1.65340 190.59
28.06 1.60350 190.64
28.09 1.55060 190.74
28.13 1.48650 190.74
28.18 1.44600 190.83
28.23 1.38900 190.83
28.28 1.34550 190.91
28.32 1.29340 190.99
28.45 1.25100 190.99
28.44 1.20520 191.06
28.49 1.14490 191.09
28.59 1.11040 191.09
28.62 1.06720 191.11
28.71 1.03610 191.13
28.76 0.99600 191.13
28.81 0.97350 191.16
28.79 0.93900 191.23
28.94 0.91540 191.23
28.97 0.88730 191.23
29.03 0.85950 191.27
29.09 0.84370 191.27
29.13 0.82690 191.31
29.16 0.81710 191.34
29.24 0.80440 191.34
29.28 0.79870 191.33
29.35 0.79240 191.29
29.38 0.79240 191.29
29.40 0.79270 191.26
29.46 0.79840 191.20
29.56 0.80290 191.20
29.61 0.81520 191.18
29.65 0.82540 191.19
29.68 0.84410 191.19
29.77 0.85690 191.13
29.79 0.87980 191.13
29.81 0.90710 191.06
29.89 0.93080 190.98
29.91 0.96560 190.98
30.06 0.98960 190.96
30.07 1.03390 190.93
30.09 1.05520 190.93
30.16 1.10060 190.93
30.21 1.15650 190.93
30.28 1.18720 190.89
30.32 1.24160 190.85
30.40 1.28060 190.85
30.44 1.33760 190.76
30.50 1.38300 190.68
30.51 1.44450 190.68
30.55 1.48910 190.59
30.63 1.55700 190.59
30.70 1.63950 190.51
