-0.66 -0.06860 189.35
-0.66 -0.06860 189.35
-0.70 -0.06830 189.30
-0.67 -0.06860 189.30
-0.70 -0.06830 189.23
-0.62 -0.06900 189.15
-0.67 -0.06860 189.15
-0.55 -0.06940 189.08
-0.57 -0.06860 189.00
-0.43 -0.06900 189.00
-0.30 -0.06900 188.95
-0.28 -0.06830 188.89
-0.16 -0.06790 188.89
0.01 -0.06860 188.84
0.16 -0.06860 188.79
0.19 -0.06830 188.79
0.34 -0.06790 188.74
0.60 -0.06860 188.69
0.66 -0.06830 188.69
0.81 -0.06830 188.64
0.94 -0.06830 188.60
1.11 -0.06830 188.60
1.25 -0.06900 188.56
1.39 -0.06830 188.58
1.41 -0.06750 188.58
1.56 -0.06790 188.55
1.73 -0.06860 188.51
1.80 -0.06830 188.51
1.90 -0.06750 188.51
1.95 -0.06790 188.51
2.07 -0.06750 188.51
2.18 -0.06830 188.51
2.22 -0.06710 188.51
2.35 -0.06830 188.55
2.45 -0.06860 188.58
2.49 -0.06790 188.58
2.57 -0.06830 188.61
2.65 -0.06790 188.61
2.69 -0.06750 188.64
2.80 -0.06790 188.68
2.83 -0.06670 188.68
2.99 -0.06900 188.66
3.08 -0.06750 188.66
3.12 -0.06860 188.66
3.13 -0.06750 188.65
3.19 -0.06830 188.65
3.34 -0.06830 188.66
3.38 -0.06790 188.69
3.48 -0.06900 188.69
3.50 -0.06790 188.70
3.55 -0.06790 188.71
3.67 -0.06830 188.71
3.73 -0.06790 188.70
3.77 -0.06790 188.69
3.85 -0.06830 188.69
3.84 -0.06750 188.61
3.92 -0.06710 188.60
4.01 -0.06790 188.60
4.11 -0.06860 188.55
4.16 -0.06790 188.55
4.14 -0.06640 188.48
4.22 -0.06640 188.39
4.30 -0.06710 188.39
4.39 -0.06750 188.33
4.43 -0.06640 188.33
4.53 -0.06790 188.27
4.51 -0.06710 188.23
4.60 -0.06670 188.23
4.61 -0.06710 188.19
4.68 -0.06670 188.16
4.70 -0.06710 188.16
4.78 -0.06670 188.15
4.88 -0.06790 188.16
4.93 -0.06790 188.16
5.00 -0.06830 188.15
5.01 -0.06860 188.15
5.08 -0.06900 188.15
5.19 -0.06830 188.14
5.22 -0.06830 188.14
5.21 -0.06750 188.11
5.29 -0.06790 188.11
5.40 -0.06750 188.11
5.47 -0.06900 188.15
5.49 -0.06670 188.15
5.51 -0.06560 188.19
5.65 -0.06750 188.26
5.63 -0.06600 188.35
5.67 -0.06560 188.35
5.74 -0.06520 188.39
5.82 -0.06600 188.49
5.93 -0.06520 188.49
5.96 -0.06560 188.59
5.97 -0.06380 188.63
5.98 -0.06300 188.63
6.11 -0.06300 188.66
6.13 -0.06150 188.66
6.21 -0.06040 188.69
6.30 -0.06000 188.74
6.30 -0.05810 188.74
6.35 -0.05700 188.79
6.41 -0.05660 188.79
6.44 -0.05440 188.83
6.55 -0.05360 188.84
6.53 -0.05100 188.84
6.57 -0.04800 188.85
6.66 -0.04690 188.85
6.73 -0.04540 188.89
6.84 -0.04350 188.93
6.84 -0.04130 188.93
6.91 -0.03940 188.96
6.93 -0.03710 188.96
6.96 -0.03640 189.02
7.11 -0.03530 189.06
7.17 -0.03260 189.06
7.21 -0.03000 189.06
7.26 -0.02660 189.14
7.29 -0.02510 189.14
7.31 -0.02290 189.18
7.34 -0.02030 189.27
7.40 -0.01880 189.27
7.46 -0.01580 189.39
7.58 -0.01460 189.45
7.61 -0.01200 189.45
7.65 -0.00980 189.54
7.73 -0.00860 189.54
7.75 -0.00680 189.69
7.83 -0.00450 189.80
7.88 -0.00260 189.80
7.92 -0.00150 189.93
7.97 0.00150 190.04
8.01 0.00370 190.04
8.13 0.00520 190.16
8.15 0.00830 190.27
8.16 0.01010 190.27
8.25 0.01130 190.41
8.26 0.01270 190.55
8.37 0.01390 190.55
8.43 0.01540 190.69
8.48 0.01690 190.81
8.51 0.02060 190.81
8.53 0.02210 190.96
8.57 0.02250 190.96
8.66 0.02210 191.08
8.67 0.02360 191.20
8.75 0.02480 191.20
8.87 0.02510 191.34
8.87 0.02700 191.44
8.97 0.02770 191.44
9.01 0.02930 191.55
9.04 0.03000 191.55
9.11 0.03040 191.60
9.12 0.03150 191.65
9.21 0.03150 191.65
9.27 0.03260 191.70
9.30 0.03450 191.70
9.35 0.03600 191.74
9.45 0.03680 191.74
9.48 0.03830 191.74
9.48 0.03860 191.77
9.61 0.04010 191.77
9.66 0.04010 191.80
9.69 0.04280 191.81
9.69 0.04430 191.81
9.82 0.04460 191.83
9.85 0.04730 191.83
9.92 0.04870 191.83
9.95 0.05030 191.83
10.00 0.05210 191.83
10.05 0.05360 191.83
10.06 0.05550 191.83
10.19 0.05850 191.83
10.24 0.06190 191.85
10.29 0.06300 191.86
10.29 0.06640 191.86
10.37 0.06790 191.85
10.38 0.07200 191.81
10.49 0.07240 191.81
10.58 0.07650 191.76
10.63 0.08170 191.70
10.62 0.08470 191.70
10.68 0.08930 191.66
10.73 0.09190 191.66
10.83 0.09710 191.64
10.84 0.10050 191.60
10.93 0.10500 191.60
10.93 0.10990 191.58
11.03 0.11550 191.58
11.10 0.12190 191.54
11.15 0.12560 191.54
11.18 0.13350 191.54
11.20 0.13730 191.50
11.24 0.14470 191.48
11.36 0.14810 191.48
11.45 0.15520 191.46
11.48 0.16280 191.46
11.47 0.16720 191.38
11.53 0.17440 191.30
11.56 0.17920 191.30
11.64 0.18520 191.23
11.74 0.18900 191.23
11.75 0.19610 191.14
11.77 0.20100 191.06
11.92 0.20660 191.06
11.91 0.21300 190.95
11.97 0.21750 190.85
12.02 0.22120 190.85
12.10 0.22390 190.83
12.10 0.22950 190.83
12.20 0.23100 190.83
12.30 0.23480 190.84
12.31 0.23890 190.83
12.35 0.23920 190.83
12.37 0.24370 190.79
12.44 0.24530 190.75
12.53 0.24710 190.75
12.54 0.24900 190.71
12.60 0.25010 190.64
12.62 0.25130 190.64
12.74 0.25240 190.56
12.77 0.25420 190.51
12.80 0.25350 190.51
12.83 0.25420 190.48
12.93 0.25280 190.41
12.93 0.25390 190.41
13.01 0.25310 190.34
13.11 0.25280 190.31
13.15 0.25240 190.31
13.17 0.25160 190.30
13.28 0.24970 190.30
13.31 0.24940 190.27
13.32 0.24820 190.25
13.42 0.24600 190.25
13.45 0.24560 190.23
13.52 0.24410 190.23
13.59 0.24260 190.23
13.58 0.24190 190.18
13.70 0.24040 190.18
13.76 0.23960 190.11
13.80 0.23890 190.02
13.79 0.23770 190.02
13.86 0.23660 189.95
13.96 0.23620 189.88
14.01 0.23550 189.88
14.04 0.23480 189.83
14.06 0.23480 189.77
14.20 0.23400 189.77
14.19 0.23440 189.75
14.26 0.23440 189.75
14.26 0.23660 189.75
14.34 0.23660 189.75
14.42 0.23740 189.73
14.49 0.23920 189.73
14.56 0.24040 189.71
14.57 0.24450 189.71
14.64 0.24600 189.71
14.68 0.25010 189.73
14.74 0.25200 189.70
14.80 0.25610 189.70
14.83 0.26180 189.70
14.88 0.26480 189.70
14.93 0.27070 189.66
15.00 0.27490 189.61
15.10 0.28200 189.61
15.12 0.28730 189.61
15.16 0.29590 189.60
15.19 0.30110 189.60
15.29 0.31160 189.63
15.30 0.32290 189.61
15.41 0.32850 189.61
15.39 0.34160 189.65
15.45 0.34870 189.66
15.55 0.36000 189.66
15.55 0.36860 189.66
15.61 0.38510 189.66
15.73 0.40010 189.66
15.77 0.41030 189.68
15.83 0.42600 189.68
15.82 0.43690 189.64
15.90 0.45520 189.60
15.99 0.46650 189.60
16.03 0.48300 189.56
16.07 0.49690 189.51
16.17 0.51560 189.51
16.20 0.53810 189.48
16.25 0.55050 189.40
16.26 0.57000 189.40
16.33 0.58130 189.34
16.38 0.60040 189.34
16.40 0.61240 189.33
16.55 0.63000 189.31
16.55 0.64840 189.31
16.60 0.65850 189.35
16.70 0.67240 189.35
16.71 0.67950 189.39
16.74 0.69230 189.38
16.78 0.69860 189.38
16.81 0.70880 189.40
16.87 0.71470 189.40
16.95 0.72260 189.44
17.06 0.72860 189.48
17.05 0.73010 189.48
17.10 0.73310 189.48
17.15 0.73350 189.51
17.23 0.73350 189.51
17.27 0.73310 189.56
17.38 0.73090 189.60
17.37 0.72940 189.60
17.42 0.72450 189.63
17.50 0.71850 189.68
17.54 0.71470 189.68
17.56 0.71060 189.77
17.66 0.70350 189.77
17.68 0.69750 189.89
17.73 0.69040 190.01
17.80 0.68210 190.01
17.89 0.67050 190.09
17.97 0.66380 190.23
18.02 0.65030 190.23
18.08 0.64350 190.30
18.07 0.63380 190.35
18.15 0.62590 190.35
18.25 0.61500 190.39
18.29 0.60410 190.39
18.34 0.59590 190.41
18.34 0.58460 190.49
18.44 0.57640 190.49
18.42 0.56770 190.51
18.51 0.55910 190.51
18.54 0.55130 190.51
18.56 0.54450 190.50
18.69 0.53510 190.46
18.73 0.52760 190.46
18.83 0.52200 190.49
18.81 0.51670 190.48
18.88 0.51230 190.48
18.90 0.50920 190.49
18.98 0.50550 190.49
19.06 0.50290 190.49
19.14 0.50100 190.51
19.12 0.50140 190.51
19.17 0.50180 190.58
19.23 0.50140 190.55
19.26 0.50290 190.55
19.34 0.50510 190.54
19.40 0.50960 190.54
19.47 0.51190 190.54
19.56 0.51900 190.58
19.58 0.52690 190.58
19.60 0.53250 190.58
19.64 0.54150 190.58
19.74 0.54900 190.63
19.79 0.56060 190.68
19.80 0.57000 190.68
19.94 0.58310 190.71
19.93 0.60110 190.74
19.99 0.61160 190.74
20.01 0.62850 190.77
20.12 0.64310 190.83
20.16 0.66190 190.83
20.19 0.67610 190.89
20.25 0.70200 190.93
20.34 0.71510 190.93
20.37 0.74060 191.04
20.41 0.76880 191.04
20.47 0.79130 191.10
20.56 0.81900 191.16
20.55 0.83890 191.16
20.58 0.86810 191.21
20.72 0.89250 191.29
20.76 0.92550 191.29
20.76 0.96410 191.33
20.87 0.99000 191.33
20.91 1.02750 191.35
20.92 1.05260 191.43
21.03 1.09270 191.43
21.05 1.11860 191.48
21.14 1.16100 191.51
21.18 1.18460 191.51
21.24 1.22360 191.50
21.31 1.26450 191.50
21.29 1.29150 191.51
21.37 1.32750 191.54
21.47 1.34810 191.54
21.44 1.38220 191.56
21.49 1.40020 191.56
21.57 1.42800 191.58
21.66 1.45570 191.56
21.67 1.46770 191.56
21.71 1.48570 191.55
21.79 1.49360 191.55
21.89 1.50490 191.55
21.91 1.51050 191.52
21.99 1.51500 191.52
21.98 1.51610 191.55
22.08 1.51610 191.55
22.07 1.51240 191.51
22.22 1.50450 191.45
22.20 1.49590 191.45
22.32 1.48420 191.43
22.30 1.47040 191.43
22.38 1.45720 191.39
22.46 1.43660 191.31
22.49 1.41490 191.31
22.51 1.39800 191.25
22.64 1.36990 191.25
22.69 1.35040 191.19
22.69 1.32300 191.13
22.76 1.30120 191.13
22.83 1.27270 191.05
22.90 1.25100 191.05
22.96 1.22170 190.98
22.97 1.18910 190.95
23.04 1.16400 190.95
23.11 1.13620 190.91
23.13 1.11450 190.85
23.22 1.08710 190.85
23.23 1.06720 190.83
23.33 1.04020 190.83
23.38 1.01290 190.81
23.41 0.99340 190.80
23.40 0.96860 190.80
23.52 0.95210 190.75
23.52 0.93410 190.73
23.65 0.92030 190.73
23.69 0.90410 190.73
23.69 0.88990 190.73
23.73 0.87600 190.70
23.82 0.86440 190.68
23.88 0.85580 190.68
23.89 0.84710 190.65
24.01 0.84260 190.60
23.98 0.83890 190.60
24.08 0.83510 190.58
24.16 0.83510 190.56
24.18 0.83700 190.56
24.24 0.83850 190.55
24.27 0.84530 190.55
24.40 0.84680 190.52
24.43 0.85760 190.50
24.48 0.86440 190.50
24.49 0.87820 190.46
24.53 0.88880 190.44
24.60 0.90640 190.44
24.70 0.92850 190.40
24.73 0.94160 190.34
24.78 0.96520 190.34
24.84 0.98140 190.29
24.83 1.00800 190.29
24.95 1.02820 190.19
25.02 1.05970 190.09
25.05 1.09460 190.09
25.06 1.11940 190.04
25.19 1.15760 190.04
25.21 1.18270 190.00
25.24 1.22470 189.91
25.33 1.25170 189.91
25.35 1.29670 189.81
25.41 1.32820 189.81
25.48 1.37470 189.75
25.56 1.43140 189.69
25.58 1.46550 189.69
25.58 1.52140 189.66
25.70 1.55700 189.66
25.77 1.61850 189.65
25.76 1.65640 189.61
25.86 1.71560 189.61
25.92 1.78310 189.56
26.00 1.82740 189.56
25.96 1.89670 189.59
26.05 1.93950 189.59
26.06 2.00100 189.59
26.13 2.04530 189.59
26.20 2.11460 189.60
26.24 2.15630 189.60
26.34 2.21590 189.59
26.38 2.28680 189.58
26.47 2.32130 189.58
26.50 2.37600 189.59
26.51 2.40830 189.60
26.56 2.45480 189.60
26.66 2.47760 189.61
26.71 2.51140 189.65
26.71 2.54060 189.65
26.75 2.55220 189.68
26.82 2.56800 189.69
26.93 2.57170 189.69
26.90 2.57660 189.71
27.05 2.57290 189.75
27.08 2.56540 189.75
27.11 2.55750 189.73
27.18 2.54290 189.71
27.17 2.52150 189.71
27.31 2.49900 189.69
27.35 2.46230 189.68
27.39 2.44310 189.68
27.38 2.40640 189.66
27.46 2.36770 189.66
27.54 2.32390 189.66
27.56 2.27360 189.61
27.69 2.23090 189.61
27.73 2.17760 189.55
27.74 2.13900 189.49
27.81 2.08240 189.49
27.87 2.04220 189.45
27.91 1.98560 189.45
27.98 1.94620 189.41
28.04 1.88780 189.38
28.09 1.82550 189.38
28.15 1.78460 189.30
28.15 1.73140 189.24
28.27 1.69720 189.24
28.28 1.64170 189.20
28.34 1.60990 189.13
28.36 1.56900 189.13
28.48 1.52320 189.05
28.53 1.48950 189.02
28.51 1.45500 189.02
28.59 1.42950 189.00
28.63 1.39390 188.94
28.68 1.37510 188.94
28.76 1.34770 188.95
28.81 1.33010 188.98
28.89 1.30990 188.98
28.88 1.29530 188.99
28.99 1.28510 188.98
29.01 1.27690 188.98
29.09 1.26900 188.98
29.11 1.26640 188.99
29.14 1.26640 188.99
29.28 1.27050 188.99
29.31 1.27870 188.99
29.31 1.28290 188.99
29.43 1.29750 189.02
29.45 1.30870 189.06
29.53 1.32670 189.06
29.55 1.34060 189.08
29.58 1.36800 189.13
29.69 1.38670 189.13
29.76 1.41670 189.20
29.77 1.45760 189.24
29.83 1.47790 189.24
29.82 1.52020 189.30
29.90 1.55210 189.38
30.00 1.59750 189.38
30.05 1.62820 189.43
30.10 1.68370 189.43
30.15 1.73850 189.43
30.23 1.77900 189.48
30.20 1.84090 189.50
30.29 1.87760 189.50
30.37 1.93950 189.50
30.38 1.98940 189.51
30.47 2.06360 189.51
30.47 2.11580 189.55
30.59 2.18700 189.56
30.57 2.26910 189.56
30.66 2.32950 189.61
30.69 2.41130 189.65
30.74 2.46450 189.65
