-0.40 0.08550 179.43
-0.43 0.08550 179.45
-0.44 0.08590 179.49
-0.46 0.08510 179.49
-0.42 0.08590 179.59
-0.42 0.08590 179.64
-0.40 0.08590 179.64
-0.37 0.08550 179.69
-0.28 0.08550 179.69
-0.22 0.08550 179.75
-0.13 0.08590 179.81
-0.06 0.08550 179.81
0.13 0.08550 179.91
0.23 0.08550 180.00
0.39 0.08550 180.00
0.51 0.08550 180.08
0.68 0.08590 180.08
0.83 0.08550 180.18
0.94 0.08470 180.23
1.10 0.08550 180.23
1.21 0.08550 180.30
1.38 0.08550 180.30
1.50 0.08590 180.40
1.56 0.08510 180.48
1.64 0.08550 180.48
1.86 0.08550 180.55
1.98 0.08550 180.55
2.00 0.08550 180.63
2.13 0.08590 180.68
2.23 0.08550 180.68
2.36 0.08550 180.71
2.34 0.08550 180.71
2.51 0.08550 180.79
2.58 0.08550 180.88
2.70 0.08550 180.88
2.71 0.08550 180.96
2.83 0.08510 180.96
2.91 0.08510 181.02
2.95 0.08550 181.08
3.08 0.08550 181.08
3.07 0.08550 181.14
3.20 0.08510 181.14
3.24 0.08550 181.23
3.29 0.08550 181.27
3.40 0.08550 181.27
3.45 0.08510 181.26
3.49 0.08550 181.26
3.57 0.08510 181.31
3.67 0.08550 181.36
3.78 0.08550 181.36
3.80 0.08590 181.40
3.83 0.08590 181.40
3.92 0.08550 181.46
3.97 0.08510 181.46
4.00 0.08510 181.50
4.13 0.08590 181.55
4.12 0.08510 181.55
4.20 0.08550 181.61
4.25 0.08550 181.61
4.33 0.08510 181.64
4.41 0.08550 181.64
4.46 0.08550 181.69
4.56 0.08590 181.79
4.53 0.08510 181.79
4.61 0.08510 181.88
4.66 0.08550 181.88
4.71 0.08510 181.95
4.78 0.08590 181.95
4.88 0.08510 182.00
4.95 0.08590 182.02
5.00 0.08550 182.02
5.04 0.08550 182.08
5.07 0.08550 182.08
5.18 0.08550 182.13
5.20 0.08550 182.18
5.25 0.08550 182.18
5.34 0.08550 182.18
5.40 0.08550 182.18
5.44 0.08550 182.23
5.47 0.08550 182.23
5.55 0.08550 182.29
5.61 0.08550 182.33
5.68 0.08550 182.33
5.72 0.08550 182.38
5.76 0.08590 182.45
5.79 0.08590 182.45
5.84 0.08550 182.54
5.90 0.08590 182.60
5.94 0.08590 182.60
6.02 0.08550 182.64
6.14 0.08550 182.65
6.16 0.08590 182.65
6.22 0.08550 182.70
6.21 0.08550 182.71
6.28 0.08590 182.71
6.38 0.08590 182.65
6.41 0.08590 182.65
6.46 0.08550 182.64
6.53 0.08630 182.60
6.56 0.08590 182.60
6.60 0.08550 182.63
6.71 0.08630 182.66
6.75 0.08550 182.66
6.85 0.08630 182.68
6.80 0.08550 182.68
6.91 0.08590 182.71
7.01 0.08630 182.73
7.06 0.08590 182.73
7.12 0.08630 182.75
7.09 0.08630 182.79
7.22 0.08630 182.79
7.23 0.08550 182.81
7.30 0.08630 182.81
7.38 0.08630 182.81
7.37 0.08630 182.79
7.50 0.08630 182.79
7.54 0.08630 182.76
7.59 0.08630 182.66
7.64 0.08630 182.66
7.68 0.08630 182.63
7.72 0.08630 182.63
7.72 0.08630 182.56
7.85 0.08630 182.50
7.83 0.08630 182.50
7.94 0.08630 182.44
8.02 0.08630 182.44
8.09 0.08660 182.39
8.07 0.08700 182.41
8.14 0.08630 182.41
8.25 0.08590 182.40
8.27 0.08630 182.40
8.31 0.08660 182.43
8.32 0.08660 182.39
8.41 0.08630 182.39
8.44 0.08630 182.33
8.48 0.08660 182.33
8.56 0.08660 182.25
8.65 0.08630 182.25
8.68 0.08550 182.21
8.69 0.08630 182.15
8.77 0.08590 182.15
8.87 0.08590 182.11
8.94 0.08660 182.11
8.92 0.08660 182.02
9.03 0.08590 181.98
9.02 0.08590 181.98
9.16 0.08630 181.94
9.21 0.08590 181.94
9.23 0.08590 181.89
9.26 0.08660 181.80
9.28 0.08590 181.80
9.38 0.08630 181.77
9.46 0.08630 181.77
9.43 0.08630 181.70
9.53 0.08660 181.64
9.60 0.08630 181.64
9.65 0.08630 181.58
9.68 0.08630 181.58
9.70 0.08630 181.54
9.79 0.08630 181.51
9.81 0.08630 181.51
9.95 0.08630 181.46
10.00 0.08630 181.46
10.07 0.08630 181.43
10.05 0.08590 181.39
10.16 0.08630 181.39
10.12 0.08590 181.34
10.27 0.08660 181.33
10.23 0.08630 181.33
10.31 0.08660 181.33
10.39 0.08700 181.30
10.43 0.08660 181.30
10.53 0.08630 181.27
10.51 0.08700 181.27
10.59 0.08660 181.26
10.64 0.08700 181.26
10.74 0.08660 181.26
10.80 0.08700 181.25
10.80 0.08740 181.23
10.85 0.08700 181.23
10.91 0.08700 181.26
11.00 0.08700 181.26
11.04 0.08740 181.30
11.09 0.08700 181.34
11.16 0.08700 181.34
11.20 0.08740 181.40
11.29 0.08780 181.40
11.32 0.08810 181.45
11.32 0.08850 181.55
11.41 0.08780 181.55
11.49 0.08810 181.63
11.48 0.08810 181.63
11.52 0.08810 181.68
11.63 0.08850 181.70
11.66 0.08890 181.70
11.76 0.08890 181.71
11.76 0.08890 181.65
11.78 0.08890 181.65
11.89 0.08890 181.66
11.94 0.08960 181.68
11.95 0.08850 181.68
12.04 0.08850 181.69
12.06 0.08850 181.69
12.13 0.08930 181.64
12.24 0.09000 181.66
12.30 0.08930 181.66
12.30 0.08890 181.63
12.33 0.08930 181.63
12.37 0.08930 181.63
12.52 0.08930 181.60
12.55 0.08960 181.60
12.60 0.08890 181.58
12.61 0.08930 181.58
12.66 0.08960 181.51
12.71 0.08960 181.46
12.74 0.08930 181.46
12.84 0.08960 181.41
12.90 0.08930 181.34
12.91 0.08930 181.34
13.02 0.08930 181.30
13.03 0.08930 181.20
13.07 0.08930 181.20
13.14 0.08890 181.10
13.23 0.08960 181.01
13.27 0.08930 181.01
13.37 0.08890 180.93
13.41 0.08850 180.93
13.43 0.08890 180.83
13.46 0.08930 180.80
13.52 0.08850 180.80
13.62 0.08850 180.71
13.62 0.08810 180.71
13.68 0.08810 180.61
13.78 0.08890 180.51
13.85 0.08810 180.51
13.88 0.08810 180.48
13.87 0.08740 180.48
13.99 0.08810 180.39
14.04 0.08810 180.34
14.08 0.08740 180.34
14.07 0.08780 180.25
14.15 0.08810 180.18
14.22 0.08740 180.18
14.27 0.08740 180.11
14.35 0.08780 180.06
14.34 0.08740 180.06
14.45 0.08780 180.01
14.50 0.08740 180.01
14.53 0.08740 179.94
14.62 0.08740 179.89
14.62 0.08780 179.89
14.66 0.08700 179.80
14.75 0.08700 179.69
14.78 0.08780 179.69
14.90 0.08780 179.61
14.86 0.08700 179.52
14.96 0.08740 179.52
15.04 0.08780 179.51
15.07 0.08810 179.51
15.18 0.08810 179.51
15.21 0.08810 179.46
15.24 0.08780 179.46
15.32 0.08850 179.46
15.35 0.08850 179.45
15.39 0.08890 179.45
15.40 0.08890 179.45
15.49 0.08960 179.45
15.59 0.08890 179.45
15.57 0.08890 179.45
15.69 0.09000 179.45
15.70 0.09000 179.45
15.72 0.09000 179.45
15.78 0.09000 179.46
15.88 0.09070 179.46
15.96 0.09070 179.46
16.02 0.09110 179.45
16.00 0.09110 179.45
16.08 0.09110 179.45
16.10 0.09110 179.45
16.18 0.09220 179.44
16.26 0.09220 179.41
16.26 0.09300 179.41
16.35 0.09340 179.39
16.38 0.09380 179.39
16.46 0.09410 179.43
16.50 0.09450 179.44
16.53 0.09410 179.44
16.60 0.09530 179.46
16.62 0.09560 179.41
16.76 0.09560 179.41
16.81 0.09530 179.39
16.88 0.09560 179.39
16.88 0.09600 179.40
16.91 0.09680 179.36
17.00 0.09640 179.36
17.03 0.09640 179.31
17.09 0.09710 179.31
17.18 0.09680 179.24
17.18 0.09710 179.18
17.25 0.09680 179.18
17.28 0.09710 179.11
17.40 0.09710 179.05
17.42 0.09680 179.05
17.49 0.09680 178.99
17.49 0.09600 178.90
17.62 0.09640 178.90
17.61 0.09640 178.85
17.71 0.09640 178.79
17.73 0.09600 178.79
17.77 0.09560 178.73
17.81 0.09560 178.71
17.89 0.09490 178.71
17.95 0.09530 178.69
17.95 0.09410 178.69
18.04 0.09410 178.65
18.14 0.09450 178.64
18.19 0.09410 178.64
18.21 0.09380 178.61
18.23 0.09380 178.58
18.34 0.09340 178.58
18.38 0.09300 178.59
18.40 0.09220 178.59
18.51 0.09220 178.59
18.52 0.09190 178.56
18.61 0.09150 178.56
18.60 0.09150 178.58
18.72 0.09150 178.58
18.73 0.09110 178.61
18.75 0.09110 178.65
18.84 0.09070 178.65
18.94 0.09040 178.66
18.99 0.09070 178.70
19.05 0.09000 178.70
19.05 0.09000 178.73
19.11 0.09040 178.76
19.19 0.08960 178.76
19.19 0.08960 178.83
19.32 0.08960 178.88
19.32 0.08960 178.88
19.35 0.08930 178.94
19.43 0.08960 179.00
19.49 0.08930 179.00
19.55 0.08930 179.04
19.61 0.08890 179.04
19.60 0.08930 179.09
19.71 0.09000 179.18
19.81 0.08930 179.18
19.77 0.08930 179.23
19.84 0.08960 179.27
19.89 0.09000 179.27
19.99 0.09000 179.31
20.02 0.09040 179.36
20.09 0.09040 179.36
20.12 0.09070 179.38
20.21 0.09110 179.38
20.28 0.09150 179.40
20.25 0.09220 179.41
20.34 0.09190 179.41
20.35 0.09220 179.44
20.41 0.09260 179.44
20.47 0.09300 179.48
20.54 0.09300 179.48
20.62 0.09380 179.52
20.67 0.09490 179.52
20.72 0.09490 179.52
20.76 0.09530 179.58
20.78 0.09560 179.63
20.83 0.09600 179.63
20.95 0.09710 179.68
20.99 0.09750 179.68
21.07 0.09820 179.70
21.08 0.09900 179.74
21.17 0.09940 179.74
21.23 0.10010 179.76
21.25 0.10130 179.77
21.28 0.10130 179.77
21.30 0.10240 179.81
21.38 0.10240 179.84
21.45 0.10310 179.84
21.50 0.10420 179.86
21.60 0.10500 179.88
21.60 0.10540 179.88
21.64 0.10580 179.89
21.67 0.10650 179.89
21.81 0.10690 179.89
21.87 0.10760 179.89
21.90 0.10800 179.90
21.92 0.10800 179.93
22.01 0.10880 179.93
22.04 0.10910 179.93
22.06 0.10910 179.93
22.17 0.10950 179.93
22.23 0.10950 179.91
22.27 0.10950 179.91
22.30 0.10910 179.85
22.32 0.10910 179.85
22.40 0.10910 179.85
22.50 0.10910 179.81
22.52 0.10840 179.81
22.55 0.10760 179.77
22.61 0.10840 179.76
22.70 0.10690 179.76
22.74 0.10690 179.75
22.82 0.10610 179.70
22.83 0.10540 179.70
22.86 0.10500 179.70
22.94 0.10460 179.70
22.96 0.10390 179.69
23.07 0.10350 179.65
23.10 0.10270 179.65
23.13 0.10200 179.60
23.20 0.10160 179.60
23.31 0.10050 179.59
23.30 0.10010 179.56
23.39 0.09940 179.56
23.43 0.09860 179.60
23.48 0.09820 179.60
23.58 0.09790 179.59
23.61 0.09750 179.58
23.64 0.09640 179.58
23.72 0.09600 179.56
23.73 0.09560 179.56
23.78 0.09490 179.56
23.89 0.09530 179.58
23.86 0.09410 179.58
23.99 0.09410 179.61
23.98 0.09380 179.61
24.05 0.09340 179.69
24.13 0.09340 179.70
24.18 0.09260 179.70
24.21 0.09260 179.68
24.25 0.09300 179.70
24.36 0.09220 179.70
24.39 0.09220 179.68
24.43 0.09150 179.68
24.50 0.09220 179.70
24.53 0.09220 179.73
24.56 0.09150 179.73
24.68 0.09220 179.71
24.70 0.09220 179.71
24.78 0.09220 179.74
24.78 0.09300 179.75
24.91 0.09300 179.75
24.93 0.09300 179.76
24.94 0.09300 179.76
25.00 0.09380 179.77
25.10 0.09410 179.81
25.07 0.09380 179.81
25.16 0.09450 179.79
