-0.50 0.08510 148.84
-0.58 0.08470 148.84
-0.57 0.08440 148.85
-0.48 0.08440 148.85
-0.50 0.08470 148.84
-0.51 0.08510 148.85
-0.44 0.08440 148.85
-0.47 0.08470 148.85
-0.39 0.08510 148.85
-0.29 0.08470 148.85
-0.21 0.08440 148.81
-0.07 0.08440 148.81
0.04 0.08470 148.81
0.12 0.08440 148.79
0.28 0.08440 148.79
0.46 0.08470 148.81
0.64 0.08470 148.83
0.79 0.08440 148.83
0.90 0.08440 148.85
1.04 0.08470 148.83
1.12 0.08440 148.83
1.30 0.08440 148.83
1.36 0.08400 148.83
1.54 0.08440 148.83
1.67 0.08510 148.81
1.76 0.08470 148.81
1.93 0.08470 148.83
1.98 0.08510 148.83
2.07 0.08440 148.83
2.18 0.08470 148.81
2.28 0.08470 148.81
2.32 0.08470 148.79
2.43 0.08470 148.79
2.49 0.08440 148.76
2.60 0.08510 148.76
2.68 0.08440 148.76
2.70 0.08440 148.76
2.83 0.08440 148.76
2.83 0.08470 148.76
2.93 0.08510 148.73
3.03 0.08440 148.73
3.07 0.08470 148.74
3.24 0.08470 148.79
3.24 0.08440 148.79
3.30 0.08440 148.81
3.33 0.08470 148.84
3.44 0.08440 148.84
3.53 0.08440 148.83
3.57 0.08440 148.83
3.65 0.08470 148.86
3.72 0.08470 148.89
3.76 0.08440 148.89
3.81 0.08470 148.94
3.92 0.08470 148.94
3.94 0.08440 148.95
4.01 0.08470 148.95
4.09 0.08470 149.00
4.11 0.08510 149.06
4.21 0.08440 149.06
4.29 0.08440 149.09
4.36 0.08470 149.09
4.39 0.08470 149.11
4.45 0.08470 149.11
4.48 0.08440 149.14
4.58 0.08440 149.14
4.66 0.08470 149.18
4.67 0.08510 149.23
4.77 0.08470 149.23
4.77 0.08510 149.25
4.83 0.08470 149.25
4.85 0.08470 149.26
4.98 0.08510 149.29
4.96 0.08470 149.29
5.03 0.08470 149.36
5.16 0.08470 149.36
5.20 0.08470 149.39
5.24 0.08470 149.39
5.27 0.08510 149.40
5.38 0.08510 149.43
5.40 0.08550 149.43
5.42 0.08550 149.46
5.50 0.08590 149.46
5.54 0.08550 149.52
5.67 0.08590 149.56
5.62 0.08550 149.56
5.74 0.08590 149.59
5.76 0.08630 149.59
5.81 0.08660 149.69
5.86 0.08700 149.77
5.91 0.08700 149.77
5.98 0.08740 149.86
6.05 0.08780 149.94
6.07 0.08810 149.94
6.12 0.08890 150.04
6.23 0.08890 150.16
6.23 0.08960 150.16
6.28 0.08960 150.29
6.38 0.09040 150.36
6.42 0.09000 150.36
6.50 0.09070 150.48
6.58 0.09070 150.48
6.62 0.09110 150.58
6.63 0.09110 150.70
6.69 0.09190 150.70
6.73 0.09190 150.76
6.81 0.09220 150.84
6.92 0.09220 150.84
6.90 0.09190 150.95
6.97 0.09260 151.08
7.02 0.09260 151.08
7.12 0.09260 151.19
7.11 0.09260 151.19
7.22 0.09260 151.31
7.21 0.09300 151.43
7.33 0.09260 151.43
7.34 0.09220 151.50
7.44 0.09220 151.59
7.48 0.09220 151.59
7.54 0.09220 151.64
7.60 0.09220 151.64
7.64 0.09220 151.71
7.63 0.09220 151.73
7.78 0.09190 151.73
7.77 0.09150 151.75
7.80 0.09150 151.75
7.84 0.09110 151.75
7.95 0.09150 151.74
8.02 0.09110 151.74
8.05 0.09110 151.70
8.09 0.09110 151.70
8.15 0.09070 151.68
8.25 0.09110 151.68
8.25 0.09070 151.66
8.28 0.09110 151.65
8.33 0.09070 151.65
8.46 0.09110 151.64
8.48 0.09110 151.64
8.56 0.09110 151.69
8.58 0.09110 151.69
8.59 0.09150 151.71
8.64 0.09150 151.71
8.69 0.09190 151.70
8.81 0.09220 151.69
8.84 0.09260 151.69
8.89 0.09300 151.68
8.97 0.09380 151.68
9.05 0.09490 151.65
9.10 0.09560 151.61
9.11 0.09600 151.61
9.21 0.09600 151.59
9.21 0.09680 151.59
9.31 0.09710 151.54
9.35 0.09820 151.48
9.32 0.09790 151.48
9.43 0.09820 151.43
9.49 0.09940 151.43
9.53 0.09940 151.39
9.58 0.10160 151.33
9.64 0.10160 151.33
9.65 0.10240 151.24
9.78 0.10350 151.24
9.79 0.10500 151.16
9.83 0.10760 151.11
9.95 0.10800 151.11
9.97 0.10910 151.10
10.07 0.11030 151.10
10.10 0.11180 151.04
10.12 0.11290 151.00
10.20 0.11400 151.00
10.23 0.11510 150.93
10.34 0.11700 150.93
10.35 0.11920 150.84
10.42 0.12190 150.76
10.46 0.12410 150.76
10.54 0.12600 150.66
10.53 0.12900 150.58
10.66 0.13050 150.58
10.71 0.13240 150.50
10.73 0.13610 150.50
10.78 0.13760 150.43
10.78 0.14140 150.38
10.87 0.14290 150.38
10.91 0.14550 150.36
11.04 0.14620 150.36
11.03 0.14890 150.36
11.08 0.15040 150.36
11.12 0.15230 150.34
11.24 0.15490 150.29
11.29 0.15560 150.29
11.32 0.15790 150.27
11.34 0.15860 150.27
11.42 0.16010 150.26
11.47 0.16010 150.27
11.55 0.16090 150.27
11.53 0.16200 150.30
11.60 0.16280 150.30
11.63 0.16310 150.33
11.73 0.16420 150.33
11.74 0.16350 150.33
11.84 0.16310 150.33
11.89 0.16280 150.33
11.94 0.16200 150.27
12.02 0.16120 150.29
12.06 0.16050 150.29
12.09 0.15940 150.29
12.15 0.15790 150.29
12.21 0.15640 150.26
12.22 0.15410 150.27
12.35 0.15300 150.27
12.39 0.15110 150.27
12.44 0.14920 150.27
12.53 0.14810 150.27
12.55 0.14660 150.27
12.62 0.14510 150.27
12.60 0.14320 150.26
12.66 0.14210 150.23
12.77 0.13990 150.23
12.82 0.13880 150.21
12.88 0.13610 150.21
12.93 0.13460 150.21
12.97 0.13390 150.24
12.97 0.13270 150.24
13.10 0.13200 150.24
13.09 0.13090 150.21
13.21 0.12970 150.19
13.19 0.12860 150.19
13.24 0.12790 150.14
13.30 0.12820 150.06
13.35 0.12790 150.06
13.43 0.12820 150.01
13.52 0.12820 150.01
13.51 0.12790 149.98
13.58 0.12820 150.00
13.64 0.12820 150.00
13.67 0.12900 149.99
13.79 0.12940 149.99
13.86 0.13010 149.98
13.86 0.13090 149.99
13.91 0.13240 149.99
13.92 0.13350 150.00
14.05 0.13500 150.00
14.09 0.13690 150.00
14.09 0.13880 150.00
14.18 0.14020 150.00
14.27 0.14290 150.00
14.34 0.14470 150.02
14.36 0.14740 150.02
14.39 0.14960 150.04
14.40 0.15340 150.05
14.53 0.15410 150.05
14.56 0.15790 150.08
14.65 0.16280 150.08
14.68 0.16540 150.09
14.68 0.16950 150.09
14.76 0.17250 150.09
14.77 0.17660 150.11
14.85 0.17960 150.11
14.98 0.18490 150.15
14.96 0.19090 150.18
15.05 0.19420 150.18
15.09 0.19950 150.26
15.16 0.20400 150.26
15.19 0.21000 150.33
15.20 0.21340 150.40
15.30 0.22050 150.40
15.34 0.22500 150.45
15.47 0.23250 150.49
15.47 0.23960 150.49
15.55 0.24410 150.52
15.53 0.25200 150.58
15.62 0.25650 150.58
15.67 0.26440 150.63
15.75 0.27070 150.69
15.76 0.27860 150.69
15.81 0.28610 150.70
15.88 0.29360 150.76
15.98 0.30150 150.76
16.02 0.30710 150.76
16.05 0.31650 150.76
16.13 0.32250 150.79
16.16 0.33190 150.79
16.22 0.33860 150.79
16.29 0.34760 150.77
16.36 0.35660 150.77
16.38 0.36150 150.75
16.38 0.36940 150.75
16.46 0.37350 150.71
16.54 0.38060 150.68
16.60 0.38400 150.68
16.70 0.38930 150.66
16.68 0.39260 150.66
16.72 0.39490 150.68
16.83 0.39750 150.64
16.83 0.39710 150.64
16.86 0.39640 150.61
16.94 0.39640 150.61
16.97 0.39530 150.55
17.06 0.39450 150.51
17.17 0.39070 150.51
17.19 0.38620 150.51
17.26 0.38330 150.51
17.30 0.37840 150.51
17.31 0.37500 150.49
17.39 0.36860 150.49
17.40 0.36410 150.46
17.46 0.35620 150.38
17.57 0.34910 150.38
17.59 0.34280 150.35
17.67 0.33410 150.35
17.67 0.32930 150.31
17.71 0.32170 150.30
17.85 0.31570 150.30
17.84 0.30940 150.24
17.94 0.30410 150.19
18.00 0.29780 150.19
17.99 0.29030 150.15
18.05 0.28610 150.14
18.12 0.27970 150.14
18.21 0.27600 150.18
18.25 0.27150 150.20
18.30 0.26850 150.20
18.39 0.26630 150.18
18.38 0.26290 150.15
18.50 0.26140 150.15
18.49 0.25950 150.13
18.57 0.25910 150.11
18.56 0.25760 150.11
18.70 0.25690 150.06
18.72 0.25690 150.01
18.78 0.25730 150.01
18.82 0.25760 149.96
18.91 0.25950 149.96
18.92 0.26100 149.90
19.00 0.26440 149.84
19.00 0.26590 149.84
19.09 0.26930 149.79
19.10 0.27260 149.76
19.21 0.27680 149.76
19.25 0.28130 149.74
19.27 0.28460 149.74
19.36 0.29060 149.63
19.44 0.29480 149.55
19.48 0.30070 149.55
19.48 0.30490 149.48
19.59 0.31310 149.48
19.58 0.31760 149.41
19.69 0.32740 149.36
19.73 0.33640 149.36
19.79 0.34240 149.31
19.82 0.35210 149.31
19.91 0.35930 149.24
19.91 0.37010 149.21
19.98 0.37690 149.21
20.05 0.38890 149.16
20.05 0.40130 149.16
20.12 0.41030 149.14
20.17 0.42300 149.14
20.22 0.43420 149.13
20.27 0.44740 149.06
20.34 0.45710 149.06
20.40 0.47550 149.09
20.51 0.48600 149.09
20.58 0.50210 149.11
20.56 0.52090 149.09
20.62 0.52990 149.09
20.71 0.54750 149.13
20.77 0.56360 149.13
20.78 0.58200 149.16
20.87 0.59550 149.16
20.89 0.61610 149.21
20.99 0.63820 149.25
21.02 0.65210 149.25
21.07 0.67350 149.25
21.09 0.68850 149.25
21.19 0.71210 149.33
21.22 0.72830 149.33
21.29 0.75230 149.38
21.37 0.77030 149.46
21.41 0.79090 149.46
21.41 0.81710 149.54
21.47 0.83360 149.54
21.49 0.85610 149.60
21.62 0.87150 149.64
21.63 0.89140 149.64
21.70 0.90560 149.66
21.77 0.92320 149.66
21.81 0.94090 149.65
21.83 0.95360 149.66
21.95 0.96790 149.66
21.93 0.97690 149.69
22.01 0.98780 149.69
22.10 0.99410 149.70
22.12 1.00270 149.76
22.19 1.00610 149.76
22.25 1.01100 149.79
22.32 1.01470 149.79
22.32 1.01550 149.77
22.36 1.01550 149.77
22.43 1.01470 149.77
22.48 1.00990 149.75
22.55 1.00720 149.75
22.59 1.00010 149.74
22.65 0.99000 149.74
22.72 0.98170 149.71
22.80 0.96970 149.71
22.79 0.96070 149.71
22.83 0.94650 149.74
22.89 0.93790 149.74
22.97 0.92550 149.71
23.06 0.91690 149.74
23.07 0.90380 149.74
23.17 0.89100 149.75
23.15 0.88430 149.75
23.19 0.87340 149.79
23.32 0.86550 149.79
23.37 0.85540 149.83
23.39 0.84940 149.88
23.50 0.84000 149.88
23.48 0.83330 149.93
23.56 0.82950 149.93
23.61 0.82430 149.96
23.66 0.82240 150.04
23.70 0.81970 150.04
23.79 0.81900 150.06
23.82 0.81970 150.06
23.87 0.82010 150.09
23.95 0.82390 150.09
24.02 0.82880 150.09
24.08 0.83290 150.10
24.09 0.84070 150.13
24.17 0.84560 150.13
24.16 0.85460 150.16
24.28 0.86210 150.16
24.35 0.87370 150.19
24.31 0.88840 150.20
24.42 0.89850 150.20
24.48 0.91430 150.20
24.51 0.92550 150.20
24.53 0.94310 150.23
24.66 0.95740 150.23
24.69 0.97580 150.23
24.76 0.99150 150.24
24.83 1.01290 150.24
24.79 1.03800 150.21
24.91 1.05640 150.21
24.93 1.08190 150.19
25.00 1.10590 150.14
25.00 1.13320 150.14
25.12 1.15390 150.09
25.20 1.18610 150.09
25.21 1.22320 150.04
