-0.54 -0.06450 188.38
-0.51 -0.06380 188.35
-0.48 -0.06450 188.34
-0.53 -0.06490 188.34
-0.49 -0.06520 188.30
-0.48 -0.06520 188.25
-0.46 -0.06490 188.25
-0.39 -0.06560 188.21
-0.34 -0.06560 188.16
-0.29 -0.06450 188.16
-0.20 -0.06380 188.10
-0.08 -0.06450 188.09
0.05 -0.06410 188.09
0.15 -0.06410 188.02
0.30 -0.06490 187.98
0.38 -0.06490 187.98
0.55 -0.06490 187.95
0.71 -0.06410 187.93
0.89 -0.06490 187.93
1.05 -0.06380 187.91
1.18 -0.06410 187.89
1.29 -0.06340 187.89
1.43 -0.06450 187.89
1.50 -0.06380 187.89
1.65 -0.06450 187.88
1.73 -0.06260 187.89
1.91 -0.06410 187.89
1.97 -0.06340 187.91
2.10 -0.06410 187.91
2.13 -0.06380 187.94
2.26 -0.06340 187.95
2.35 -0.06410 187.95
2.46 -0.06410 187.98
2.53 -0.06410 187.99
2.62 -0.06520 187.99
2.66 -0.06450 188.00
2.77 -0.06410 188.05
2.88 -0.06380 188.05
2.94 -0.06520 188.13
2.99 -0.06520 188.13
3.01 -0.06490 188.19
3.09 -0.06410 188.29
3.25 -0.06560 188.29
3.22 -0.06450 188.36
3.36 -0.06490 188.36
3.44 -0.06600 188.46
3.49 -0.06600 188.54
3.52 -0.06490 188.54
3.56 -0.06520 188.59
3.70 -0.06560 188.59
3.74 -0.06520 188.65
3.83 -0.06450 188.73
3.81 -0.06410 188.73
3.88 -0.06410 188.75
3.98 -0.06450 188.83
4.06 -0.06450 188.83
4.14 -0.06600 188.88
4.14 -0.06490 188.88
4.21 -0.06410 188.96
4.33 -0.06490 189.06
4.33 -0.06380 189.06
4.42 -0.06490 189.16
4.49 -0.06450 189.29
4.48 -0.06380 189.29
4.63 -0.06450 189.43
4.69 -0.06380 189.58
4.66 -0.06230 189.58
4.82 -0.06380 189.73
4.80 -0.06260 189.73
4.88 -0.06230 189.81
4.87 -0.06190 189.89
5.01 -0.06190 189.89
5.01 -0.06110 189.98
5.07 -0.06150 189.98
5.13 -0.05960 190.02
5.22 -0.06000 190.09
5.30 -0.06040 190.09
5.34 -0.05960 190.15
5.36 -0.06000 190.15
5.44 -0.06080 190.23
5.50 -0.06000 190.31
5.58 -0.06000 190.31
5.63 -0.05890 190.39
5.71 -0.05960 190.39
5.73 -0.05890 190.46
5.78 -0.05780 190.55
5.82 -0.05700 190.55
5.87 -0.05700 190.61
5.96 -0.05780 190.61
6.02 -0.05620 190.70
6.04 -0.05590 190.74
6.06 -0.05440 190.74
6.18 -0.05510 190.76
6.22 -0.05440 190.77
6.24 -0.05250 190.77
6.28 -0.05250 190.77
6.37 -0.05210 190.77
6.46 -0.05100 190.74
6.50 -0.04990 190.73
6.51 -0.04840 190.73
6.59 -0.04800 190.73
6.64 -0.04650 190.73
6.70 -0.04570 190.75
6.75 -0.04460 190.76
6.79 -0.04460 190.76
6.84 -0.04350 190.75
6.93 -0.04280 190.75
7.00 -0.04130 190.76
7.05 -0.04010 190.76
7.10 -0.03830 190.76
7.12 -0.03790 190.75
7.15 -0.03640 190.75
7.24 -0.03450 190.75
7.34 -0.03450 190.73
7.36 -0.03150 190.70
7.42 -0.03110 190.70
7.49 -0.03080 190.70
7.48 -0.02930 190.74
7.54 -0.02810 190.74
7.57 -0.02810 190.71
7.70 -0.02740 190.70
7.76 -0.02630 190.70
7.80 -0.02550 190.70
7.81 -0.02360 190.69
7.90 -0.02400 190.69
7.94 -0.02250 190.69
8.00 -0.02170 190.70
8.01 -0.02100 190.70
8.14 -0.02170 190.73
8.18 -0.02100 190.73
8.20 -0.01990 190.73
8.27 -0.01880 190.71
8.34 -0.01880 190.71
8.36 -0.01880 190.69
8.39 -0.01730 190.68
8.44 -0.01650 190.68
8.47 -0.01430 190.69
8.54 -0.01460 190.69
8.63 -0.01500 190.70
8.74 -0.01500 190.74
8.70 -0.01390 190.74
8.82 -0.01460 190.79
8.83 -0.01390 190.85
8.88 -0.01460 190.85
8.96 -0.01390 190.93
9.00 -0.01390 190.93
9.02 -0.01240 190.98
9.11 -0.01350 191.00
9.18 -0.01430 191.00
9.24 -0.01390 191.04
9.28 -0.01200 191.04
9.36 -0.01270 191.11
9.32 -0.01090 191.18
9.45 -0.01240 191.18
9.50 -0.01160 191.21
9.58 -0.01200 191.24
9.63 -0.01200 191.24
9.64 -0.01130 191.27
9.71 -0.01160 191.27
9.78 -0.01240 191.33
9.82 -0.01090 191.38
9.91 -0.01090 191.38
9.90 -0.01010 191.44
9.99 -0.01090 191.44
10.04 -0.01090 191.51
10.08 -0.01050 191.61
10.10 -0.00980 191.61
10.13 -0.00980 191.70
10.20 -0.00980 191.70
10.32 -0.01010 191.79
10.39 -0.00980 191.86
10.43 -0.00790 191.86
10.49 -0.00750 191.91
10.50 -0.00490 191.91
10.54 -0.00410 192.00
10.62 -0.00190 192.06
10.69 -0.00190 192.06
10.73 0.00070 192.13
10.72 0.00450 192.13
10.81 0.00560 192.20
10.87 0.00860 192.25
10.96 0.01010 192.25
10.94 0.01310 192.29
11.04 0.01500 192.30
11.11 0.01800 192.30
11.10 0.02060 192.31
11.18 0.02510 192.34
11.28 0.02740 192.34
11.29 0.03110 192.38
11.33 0.03560 192.40
11.36 0.03860 192.40
11.47 0.04280 192.41
11.50 0.04570 192.41
11.55 0.05140 192.43
11.59 0.05660 192.38
11.69 0.05890 192.38
11.71 0.06490 192.33
11.79 0.06640 192.33
11.85 0.07090 192.26
11.84 0.07460 192.23
11.94 0.07840 192.23
11.94 0.08100 192.16
12.04 0.08510 192.16
12.06 0.09040 192.09
12.19 0.09340 192.04
12.16 0.09710 192.04
12.24 0.09940 191.94
12.25 0.10420 191.86
12.35 0.10540 191.86
12.46 0.10720 191.80
12.49 0.11060 191.80
12.52 0.11250 191.75
12.54 0.11510 191.74
12.64 0.11700 191.74
12.62 0.11850 191.71
12.78 0.11810 191.70
12.73 0.12080 191.70
12.82 0.12000 191.69
12.87 0.12110 191.69
12.90 0.12230 191.66
13.00 0.12260 191.65
13.05 0.12080 191.65
13.12 0.12080 191.65
13.18 0.12040 191.63
13.18 0.12040 191.63
13.29 0.11850 191.63
13.28 0.11810 191.65
13.41 0.11590 191.65
13.44 0.11550 191.68
13.52 0.11360 191.68
13.57 0.11140 191.68
13.61 0.11100 191.65
13.58 0.10950 191.65
13.66 0.10720 191.65
13.79 0.10460 191.66
13.79 0.10310 191.65
13.87 0.10130 191.65
13.93 0.09900 191.64
13.95 0.09820 191.64
14.01 0.09600 191.60
14.08 0.09490 191.52
14.13 0.09260 191.48
14.14 0.09110 191.48
14.23 0.08890 191.40
14.23 0.08780 191.40
14.32 0.08510 191.33
14.40 0.08360 191.23
14.47 0.08170 191.23
14.43 0.08100 191.14
14.52 0.07910 191.05
14.58 0.07880 191.05
14.63 0.07840 190.94
14.67 0.07840 190.94
14.72 0.07800 190.79
14.80 0.07610 190.66
14.84 0.07800 190.66
14.93 0.07730 190.51
14.97 0.07840 190.38
14.97 0.08100 190.38
15.09 0.08210 190.23
15.11 0.08470 190.23
15.14 0.08660 190.11
15.22 0.08810 190.00
15.29 0.09110 190.00
15.33 0.09450 189.88
15.35 0.09710 189.88
15.47 0.10200 189.74
15.54 0.10760 189.59
15.59 0.11060 189.59
15.60 0.11890 189.49
15.62 0.12340 189.36
15.73 0.13050 189.36
15.79 0.13540 189.30
15.84 0.14440 189.23
15.91 0.15380 189.23
15.91 0.16240 189.16
15.98 0.17210 189.16
16.05 0.17960 189.10
16.03 0.19310 189.05
16.10 0.20060 189.05
16.16 0.21380 188.98
16.28 0.22240 188.91
16.33 0.23700 188.91
16.32 0.25200 188.86
16.37 0.26210 188.84
16.48 0.27600 188.84
16.54 0.28570 188.80
16.58 0.30070 188.74
16.61 0.31160 188.74
16.66 0.32440 188.66
16.71 0.34160 188.61
16.74 0.34910 188.61
16.79 0.36300 188.55
16.88 0.37050 188.55
16.94 0.38210 188.49
17.02 0.38930 188.43
17.02 0.39860 188.43
17.07 0.40540 188.36
17.11 0.41440 188.33
17.20 0.42150 188.33
17.29 0.42450 188.27
17.34 0.42940 188.27
17.38 0.43200 188.27
17.37 0.43610 188.24
17.43 0.43610 188.21
17.58 0.43690 188.21
17.55 0.43880 188.16
17.67 0.43610 188.13
17.63 0.43540 188.13
17.71 0.43280 188.10
17.73 0.42970 188.10
17.85 0.42490 188.08
17.90 0.41930 188.05
17.98 0.41480 188.05
18.02 0.40800 188.02
18.05 0.39980 188.02
18.12 0.39410 188.02
18.19 0.38440 188.04
18.22 0.37800 188.04
18.22 0.36970 188.08
18.28 0.36150 188.13
18.40 0.35100 188.13
18.44 0.34130 188.14
18.52 0.33260 188.14
18.49 0.32210 188.16
18.55 0.31390 188.20
18.66 0.30190 188.20
18.70 0.29400 188.25
18.75 0.28420 188.29
18.80 0.27710 188.29
18.83 0.26810 188.33
18.94 0.25690 188.33
18.94 0.25010 188.35
18.98 0.24110 188.36
19.03 0.23550 188.36
19.07 0.22800 188.41
19.13 0.22160 188.41
19.18 0.21450 188.46
19.30 0.20660 188.54
19.35 0.20100 188.54
19.34 0.19650 188.61
19.41 0.19350 188.68
19.45 0.18970 188.68
19.52 0.18710 188.79
19.59 0.18490 188.89
19.67 0.18340 188.89
19.69 0.18410 188.99
19.73 0.18490 188.99
19.80 0.18450 189.10
19.80 0.18790 189.18
19.94 0.19010 189.18
19.91 0.19460 189.27
20.00 0.19610 189.27
20.08 0.20250 189.36
20.15 0.20960 189.48
20.18 0.21490 189.48
20.25 0.22390 189.56
20.29 0.23100 189.56
20.32 0.24370 189.64
20.34 0.25130 189.68
20.46 0.26250 189.68
20.45 0.27340 189.75
20.55 0.29210 189.83
20.56 0.30940 189.83
20.65 0.32170 189.89
20.66 0.34050 189.89
20.72 0.35550 189.94
20.82 0.37690 189.95
20.82 0.39110 189.95
20.97 0.41630 189.98
20.94 0.44850 189.99
21.02 0.46350 189.99
21.03 0.49240 190.00
21.13 0.50960 190.00
21.14 0.54150 190.01
21.21 0.56290 189.99
21.30 0.59320 189.99
21.38 0.61430 189.96
21.43 0.64840 189.95
21.45 0.68250 189.95
21.47 0.70580 189.88
21.56 0.73580 189.88
21.65 0.75710 189.85
21.66 0.78940 189.81
21.72 0.80700 189.81
21.78 0.83440 189.79
21.79 0.86360 189.79
21.92 0.87820 189.75
21.96 0.90040 189.70
22.00 0.91200 189.70
22.03 0.92770 189.66
22.12 0.93640 189.66
22.13 0.94760 189.65
22.17 0.95360 189.63
22.26 0.95890 189.63
22.33 0.96190 189.63
22.31 0.96340 189.63
22.40 0.96070 189.63
22.49 0.95660 189.61
22.48 0.95030 189.61
22.59 0.94310 189.61
22.63 0.93190 189.58
22.71 0.91610 189.58
22.76 0.90450 189.55
22.81 0.88610 189.54
22.84 0.87560 189.54
22.84 0.85690 189.55
22.89 0.84230 189.55
22.96 0.81860 189.55
23.05 0.80250 189.54
23.11 0.77890 189.54
23.16 0.75230 189.50
23.23 0.73090 189.50
23.20 0.70650 189.48
23.35 0.68290 189.44
23.31 0.66040 189.44
23.37 0.64130 189.43
23.47 0.61500 189.43
23.49 0.58570 189.41
23.62 0.56700 189.43
23.58 0.54370 189.43
23.68 0.52310 189.46
23.76 0.49690 189.46
23.78 0.48190 189.50
23.78 0.45830 189.54
23.85 0.44360 189.54
23.96 0.42640 189.55
24.01 0.40430 189.52
24.06 0.39190 189.52
24.10 0.37580 189.49
24.13 0.36410 189.49
24.23 0.34870 189.49
24.30 0.34050 189.48
24.30 0.33080 189.48
24.41 0.32100 189.46
24.44 0.31500 189.46
24.45 0.30940 189.45
24.55 0.30640 189.46
24.59 0.30410 189.46
24.63 0.30340 189.45
24.65 0.30410 189.45
24.78 0.30380 189.43
24.80 0.30940 189.44
24.81 0.31540 189.44
24.94 0.31950 189.48
24.97 0.33110 189.50
25.03 0.33600 189.50
25.06 0.34950 189.50
25.08 0.35850 189.50
25.14 0.37650 189.48
25.25 0.39680 189.49
25.24 0.40990 189.49
25.30 0.43280 189.49
25.37 0.44810 189.49
25.46 0.47440 189.50
25.45 0.49420 189.49
25.49 0.52310 189.49
25.58 0.54410 189.50
25.61 0.57380 189.50
25.74 0.61690 189.55
25.78 0.64280 189.64
25.82 0.68100 189.64
25.89 0.70840 189.70
25.90 0.74890 189.70
25.97 0.77740 189.77
25.99 0.82460 189.86
26.07 0.87560 189.86
26.12 0.91010 189.96
26.18 0.96000 189.96
26.27 0.99560 190.05
26.24 1.05070 190.10
26.31 1.08520 190.10
26.39 1.13810 190.20
26.40 1.17710 190.20
26.51 1.23000 190.30
26.53 1.29370 190.39
26.63 1.32670 190.39
26.64 1.38000 190.43
26.70 1.41340 190.50
26.79 1.45760 190.50
26.80 1.48760 190.61
26.87 1.52700 190.61
26.94 1.56490 190.70
27.01 1.58810 190.80
27.02 1.61470 190.80
27.11 1.62970 190.89
27.08 1.65040 191.00
27.18 1.65560 191.00
27.23 1.66540 191.09
27.25 1.66720 191.09
27.33 1.66650 191.15
27.36 1.66270 191.24
27.46 1.65410 191.24
27.45 1.64140 191.30
27.53 1.62710 191.39
27.56 1.60500 191.39
27.63 1.58590 191.44
27.75 1.55590 191.44
27.76 1.52250 191.46
27.80 1.49400 191.49
27.85 1.45310 191.49
27.92 1.42390 191.52
27.98 1.37810 191.58
28.00 1.35220 191.58
28.02 1.30500 191.59
28.09 1.27540 191.59
28.16 1.22770 191.61
28.23 1.17110 191.61
28.29 1.13660 191.61
28.31 1.08900 191.68
28.37 1.05110 191.68
28.45 1.00350 191.69
28.55 0.96680 191.69
28.60 0.92030 191.69
28.62 0.87370 191.68
28.64 0.83810 191.65
28.70 0.79500 191.65
28.78 0.76610 191.63
28.83 0.72710 191.56
28.90 0.70310 191.56
28.92 0.66640 191.55
28.98 0.64010 191.55
29.05 0.60490 191.54
29.04 0.57790 191.50
29.15 0.55910 191.50
29.15 0.53700 191.45
29.22 0.52010 191.41
29.27 0.50140 191.41
29.36 0.48860 191.36
29.41 0.47360 191.36
29.43 0.46090 191.36
29.52 0.45340 191.36
29.53 0.45000 191.36
29.59 0.44660 191.38
29.68 0.44620 191.38
29.70 0.44780 191.38
29.73 0.45490 191.36
29.81 0.45830 191.36
29.87 0.46910 191.38
29.89 0.48410 191.38
29.98 0.49460 191.39
30.07 0.51410 191.38
30.06 0.52840 191.38
30.10 0.55270 191.40
30.23 0.57230 191.40
30.29 0.60110 191.40
30.28 0.63820 191.44
30.33 0.66260 191.44
30.39 0.70050 191.45
30.50 0.73090 191.46
30.55 0.77250 191.46
30.60 0.80440 191.52
30.60 0.85880 191.56
30.69 0.88880 191.56
30.71 0.94240 191.59
