-0.68 0.08510 180.45
-0.71 0.08510 180.46
-0.74 0.08510 180.46
-0.72 0.08510 180.46
-0.64 0.08550 180.48
-0.64 0.08550 180.48
-0.66 0.08550 180.49
-0.60 0.08510 180.49
-0.58 0.08510 180.50
-0.43 0.08550 180.52
-0.38 0.08470 180.52
-0.21 0.08510 180.52
-0.07 0.08470 180.52
-0.03 0.08510 180.55
0.12 0.08550 180.54
0.23 0.08510 180.54
0.40 0.08470 180.49
0.64 0.08470 180.49
0.68 0.08510 180.45
0.90 0.08510 180.45
0.98 0.08510 180.45
1.09 0.08510 180.44
1.22 0.08550 180.44
1.34 0.08470 180.44
1.50 0.08510 180.43
1.62 0.08550 180.40
1.71 0.08470 180.40
1.83 0.08470 180.40
1.92 0.08510 180.40
1.98 0.08510 180.40
2.10 0.08550 180.39
2.16 0.08550 180.39
2.26 0.08470 180.38
2.37 0.08510 180.38
2.43 0.08510 180.39
2.48 0.08550 180.41
2.54 0.08510 180.41
2.69 0.08510 180.39
2.68 0.08510 180.39
2.80 0.08510 180.31
2.90 0.08550 180.27
2.91 0.08510 180.27
2.99 0.08510 180.25
3.07 0.08550 180.27
3.16 0.08510 180.27
3.21 0.08510 180.29
3.33 0.08550 180.33
3.34 0.08510 180.33
3.45 0.08470 180.38
3.54 0.08470 180.38
3.51 0.08470 180.43
3.61 0.08550 180.49
3.67 0.08510 180.49
3.75 0.08510 180.50
3.79 0.08590 180.52
3.87 0.08510 180.52
3.95 0.08550 180.54
3.95 0.08510 180.54
4.09 0.08550 180.52
4.11 0.08550 180.52
4.13 0.08510 180.52
4.19 0.08510 180.50
4.26 0.08550 180.50
4.35 0.08510 180.50
4.39 0.08550 180.50
4.46 0.08510 180.50
4.54 0.08550 180.49
4.56 0.08510 180.49
4.58 0.08550 180.49
4.69 0.08550 180.49
4.79 0.08550 180.52
4.78 0.08590 180.60
4.88 0.08470 180.60
4.91 0.08550 180.61
5.00 0.08630 180.63
5.06 0.08590 180.63
5.07 0.08550 180.59
5.12 0.08590 180.59
5.17 0.08550 180.54
5.27 0.08660 180.50
5.34 0.08550 180.50
5.38 0.08590 180.46
5.37 0.08590 180.41
5.51 0.08630 180.41
5.53 0.08630 180.36
5.55 0.08630 180.36
5.65 0.08660 180.34
5.73 0.08660 180.33
5.68 0.08660 180.33
5.82 0.08630 180.30
5.89 0.08660 180.30
5.91 0.08660 180.34
5.93 0.08700 180.35
6.00 0.08660 180.35
6.09 0.08630 180.38
6.10 0.08660 180.38
6.19 0.08700 180.33
6.29 0.08740 180.30
6.32 0.08700 180.30
6.31 0.08700 180.27
6.36 0.08740 180.27
6.45 0.08740 180.25
6.51 0.08780 180.21
6.54 0.08740 180.21
6.64 0.08740 180.19
6.65 0.08810 180.18
6.74 0.08780 180.18
6.73 0.08780 180.18
6.86 0.08810 180.19
6.88 0.08810 180.19
6.97 0.08780 180.21
6.98 0.08780 180.21
7.02 0.08780 180.23
7.12 0.08810 180.24
7.15 0.08810 180.24
7.21 0.08780 180.25
7.21 0.08740 180.25
7.36 0.08780 180.24
7.34 0.08780 180.25
7.44 0.08780 180.25
7.44 0.08780 180.25
7.53 0.08810 180.26
7.55 0.08780 180.26
7.63 0.08810 180.20
7.67 0.08810 180.20
7.75 0.08810 180.18
7.76 0.08850 180.11
7.88 0.08810 180.11
7.86 0.08810 180.13
7.94 0.08810 180.13
8.03 0.08810 180.13
8.07 0.08890 180.15
8.14 0.08810 180.15
8.20 0.08780 180.15
8.20 0.08810 180.15
8.32 0.08810 180.13
8.35 0.08850 180.14
8.38 0.08810 180.14
8.41 0.08780 180.15
8.52 0.08780 180.15
8.53 0.08810 180.14
8.60 0.08810 180.14
8.65 0.08810 180.14
8.71 0.08810 180.14
8.75 0.08810 180.13
8.79 0.08850 180.11
8.82 0.08810 180.11
8.94 0.08810 180.16
8.97 0.08850 180.16
9.06 0.08850 180.19
9.09 0.08850 180.19
9.12 0.08850 180.23
9.13 0.08850 180.25
9.22 0.08810 180.25
9.30 0.08810 180.27
9.32 0.08890 180.27
9.43 0.08890 180.33
9.44 0.08960 180.39
9.52 0.08890 180.39
9.52 0.08930 180.44
9.62 0.09000 180.54
9.69 0.08930 180.54
9.73 0.08960 180.60
9.78 0.08960 180.60
9.78 0.08960 180.65
9.91 0.09040 180.69
9.89 0.09000 180.69
10.02 0.09000 180.73
10.04 0.09040 180.73
10.04 0.09070 180.83
10.13 0.09150 180.88
10.15 0.09110 180.88
10.26 0.09110 180.96
10.28 0.09190 180.96
10.38 0.09220 181.04
10.44 0.09190 181.09
10.44 0.09220 181.09
10.56 0.09340 181.15
10.52 0.09300 181.15
10.67 0.09340 181.21
10.68 0.09380 181.21
10.70 0.09410 181.21
10.74 0.09410 181.23
10.83 0.09490 181.23
10.88 0.09490 181.26
10.90 0.09530 181.26
10.98 0.09560 181.26
11.07 0.09640 181.26
11.10 0.09600 181.26
11.10 0.09640 181.24
11.16 0.09710 181.24
11.24 0.09710 181.24
11.32 0.09790 181.23
11.38 0.09820 181.23
11.43 0.09820 181.20
11.49 0.09790 181.20
11.54 0.09860 181.18
11.55 0.09900 181.18
11.67 0.09900 181.18
11.69 0.09900 181.18
11.74 0.09940 181.18
11.82 0.09940 181.19
11.81 0.09970 181.16
11.91 0.09900 181.16
11.98 0.09900 181.16
12.04 0.09970 181.16
12.10 0.09940 181.14
12.06 0.10010 181.14
12.20 0.09970 181.14
12.24 0.09940 181.10
12.26 0.09940 181.10
12.37 0.09940 181.05
12.41 0.09940 181.01
12.47 0.09900 181.01
12.51 0.09860 181.00
12.52 0.09900 180.99
12.61 0.09860 180.99
12.63 0.09860 180.98
12.73 0.09820 180.98
12.78 0.09750 181.00
12.83 0.09790 181.01
12.86 0.09750 181.01
12.94 0.09750 181.02
12.97 0.09710 181.02
13.01 0.09710 181.04
13.09 0.09750 181.04
13.12 0.09710 181.04
13.23 0.09680 181.04
13.20 0.09710 181.02
13.29 0.09640 181.02
13.34 0.09600 181.01
13.38 0.09600 181.01
13.39 0.09600 180.99
13.53 0.09640 180.96
13.52 0.09600 180.96
13.62 0.09560 180.94
13.63 0.09640 180.90
13.69 0.09600 180.90
13.81 0.09560 180.86
13.83 0.09600 180.86
13.83 0.09560 180.81
13.94 0.09600 180.81
14.01 0.09600 180.81
14.06 0.09600 180.83
14.09 0.09600 180.83
14.11 0.09640 180.83
14.15 0.09640 180.80
14.22 0.09640 180.80
14.28 0.09680 180.79
14.39 0.09710 180.76
14.44 0.09710 180.76
14.46 0.09750 180.76
14.52 0.09790 180.76
14.53 0.09750 180.76
14.65 0.09860 180.79
14.65 0.09860 180.79
14.72 0.09860 180.81
14.84 0.09940 180.81
14.85 0.09970 180.84
14.89 0.10050 180.89
14.89 0.10050 180.89
15.00 0.10130 180.93
15.08 0.10160 180.93
15.10 0.10160 180.94
15.14 0.10310 180.95
15.16 0.10310 180.95
15.31 0.10390 180.96
15.34 0.10460 180.96
15.35 0.10500 180.98
15.37 0.10580 180.98
15.51 0.10650 180.98
15.50 0.10690 180.96
15.57 0.10800 180.96
15.67 0.10880 180.91
15.64 0.10990 180.89
15.78 0.11030 180.89
15.81 0.11100 180.89
15.89 0.11210 180.89
15.89 0.11330 180.86
15.97 0.11360 180.86
15.99 0.11510 180.84
16.10 0.11590 180.84
16.15 0.11620 180.84
16.13 0.11770 180.84
16.24 0.11850 180.84
16.28 0.11850 180.77
16.29 0.12000 180.75
16.35 0.12040 180.75
16.44 0.12110 180.68
16.54 0.12190 180.63
16.57 0.12260 180.63
16.60 0.12300 180.59
16.60 0.12380 180.50
16.71 0.12340 180.50
16.70 0.12340 180.46
16.77 0.12450 180.41
16.82 0.12450 180.41
16.92 0.12490 180.36
17.00 0.12490 180.36
16.97 0.12490 180.31
17.05 0.12450 180.25
17.09 0.12450 180.25
17.18 0.12450 180.20
17.24 0.12450 180.15
17.25 0.12410 180.15
17.39 0.12300 180.16
17.40 0.12260 180.16
17.41 0.12230 180.15
17.45 0.12190 180.09
17.57 0.12080 180.09
17.61 0.12040 180.09
17.69 0.12040 180.09
17.65 0.11890 180.09
17.73 0.11890 180.06
17.79 0.11810 180.04
17.87 0.11740 180.04
17.97 0.11700 180.05
17.99 0.11590 180.05
18.06 0.11590 180.00
18.07 0.11550 180.01
18.09 0.11400 180.01
18.21 0.11360 179.99
18.24 0.11290 179.99
18.31 0.11250 179.95
18.30 0.11180 179.94
18.40 0.11180 179.94
18.44 0.11100 179.86
18.50 0.11060 179.86
18.59 0.11100 179.80
18.62 0.11030 179.77
18.71 0.10950 179.77
18.75 0.10990 179.74
18.76 0.10950 179.74
18.86 0.10950 179.70
18.86 0.10880 179.65
18.91 0.10950 179.65
18.97 0.10910 179.61
19.02 0.10950 179.61
19.08 0.10910 179.52
19.15 0.11030 179.46
19.17 0.10990 179.46
19.30 0.11030 179.41
19.31 0.11100 179.36
19.35 0.11060 179.36
19.39 0.11100 179.34
19.45 0.11140 179.34
19.52 0.11210 179.33
19.60 0.11290 179.27
19.60 0.11290 179.27
19.67 0.11360 179.26
19.70 0.11480 179.26
19.76 0.11510 179.26
19.81 0.11590 179.21
19.94 0.11740 179.18
19.95 0.11770 179.18
19.96 0.11810 179.18
20.00 0.11960 179.15
20.09 0.12040 179.15
20.13 0.12150 179.18
20.23 0.12260 179.18
20.22 0.12380 179.21
20.28 0.12490 179.21
20.41 0.12600 179.21
20.44 0.12790 179.23
20.52 0.12860 179.23
20.49 0.13010 179.27
20.56 0.13120 179.35
20.62 0.13310 179.35
20.66 0.13390 179.41
20.73 0.13570 179.41
20.75 0.13800 179.51
20.86 0.13950 179.58
20.87 0.14140 179.58
20.94 0.14250 179.66
21.03 0.14550 179.73
21.02 0.14590 179.73
21.10 0.14810 179.76
21.12 0.14960 179.77
21.20 0.15110 179.77
21.23 0.15260 179.85
21.34 0.15450 179.85
21.38 0.15640 179.88
21.42 0.15670 179.91
21.44 0.15860 179.91
21.57 0.15900 179.98
21.59 0.16120 179.98
21.64 0.16240 180.05
21.69 0.16350 180.08
21.79 0.16420 180.08
21.82 0.16460 180.14
21.84 0.16540 180.14
21.92 0.16570 180.15
21.93 0.16720 180.18
22.02 0.16610 180.18
22.04 0.16650 180.24
22.12 0.16690 180.24
22.15 0.16650 180.30
22.25 0.16690 180.31
22.27 0.16570 180.31
22.29 0.16540 180.31
22.40 0.16460 180.31
22.48 0.16390 180.29
22.48 0.16310 180.31
22.59 0.16160 180.31
22.57 0.16010 180.29
22.67 0.15970 180.29
22.71 0.15860 180.27
22.75 0.15790 180.27
22.81 0.15640 180.23
22.86 0.15520 180.23
22.95 0.15380 180.20
23.00 0.15230 180.16
23.05 0.15110 180.16
23.07 0.14920 180.10
23.15 0.14850 180.10
23.17 0.14700 180.06
23.25 0.14620 180.04
23.29 0.14440 180.04
23.31 0.14290 180.02
23.41 0.14210 180.02
23.45 0.14100 179.98
23.53 0.14020 179.98
23.57 0.13880 179.98
23.60 0.13840 179.98
23.61 0.13690 179.96
23.75 0.13690 179.95
23.77 0.13570 179.95
23.85 0.13500 179.96
23.87 0.13460 179.96
23.93 0.13460 179.95
23.98 0.13420 179.94
24.02 0.13350 179.94
24.08 0.13390 179.94
24.17 0.13390 179.94
24.20 0.13350 179.91
24.29 0.13350 179.91
24.29 0.13390 179.94
24.35 0.13390 179.93
24.38 0.13460 179.93
24.51 0.13500 179.99
24.48 0.13570 179.99
24.60 0.13610 180.01
24.60 0.13650 180.09
24.65 0.13800 180.09
24.71 0.13800 180.18
24.74 0.13950 180.18
24.83 0.14020 180.25
24.87 0.14170 180.34
24.97 0.14210 180.34
24.99 0.14360 180.40
25.02 0.14510 180.40
25.07 0.14620 180.48
25.15 0.14810 180.48
25.20 0.14960 180.50
25.22 0.15150 180.59
