-0.69 0.08400 150.54
-0.66 0.08440 150.54
-0.66 0.08470 150.54
-0.66 0.08470 150.50
-0.61 0.08400 150.50
-0.67 0.08400 150.50
-0.65 0.08440 150.49
-0.55 0.08440 150.49
-0.51 0.08440 150.49
-0.43 0.08440 150.49
-0.25 0.08400 150.49
-0.16 0.08440 150.51
-0.07 0.08440 150.51
0.02 0.08440 150.55
0.16 0.08440 150.59
0.28 0.08440 150.59
0.45 0.08400 150.63
0.71 0.08440 150.61
0.80 0.08400 150.61
0.94 0.08440 150.63
1.03 0.08440 150.63
1.20 0.08440 150.64
1.29 0.08440 150.65
1.39 0.08440 150.65
1.52 0.08400 150.66
1.68 0.08440 150.66
1.77 0.08360 150.68
1.85 0.08470 150.66
1.95 0.08440 150.66
2.02 0.08440 150.63
2.14 0.08470 150.60
2.17 0.08440 150.60
2.31 0.08440 150.58
2.39 0.08440 150.58
2.43 0.08400 150.55
2.55 0.08440 150.56
2.64 0.08440 150.56
2.66 0.08400 150.51
2.80 0.08440 150.51
2.88 0.08400 150.45
2.86 0.08440 150.39
3.00 0.08440 150.39
3.06 0.08440 150.34
3.12 0.08440 150.34
3.22 0.08440 150.26
3.22 0.08470 150.23
3.31 0.08440 150.23
3.42 0.08400 150.16
3.44 0.08440 150.16
3.55 0.08440 150.08
3.57 0.08440 150.01
3.67 0.08440 150.01
3.71 0.08440 149.93
3.78 0.08440 149.93
3.86 0.08440 149.84
3.93 0.08470 149.76
3.98 0.08400 149.76
3.99 0.08470 149.66
4.13 0.08440 149.66
4.18 0.08470 149.58
4.23 0.08440 149.58
4.24 0.08440 149.50
4.30 0.08470 149.43
4.39 0.08440 149.43
4.46 0.08400 149.34
4.48 0.08440 149.34
4.58 0.08470 149.25
4.62 0.08440 149.25
4.69 0.08470 149.15
4.67 0.08510 149.08
4.80 0.08550 149.08
4.82 0.08550 149.02
4.83 0.08510 149.02
4.89 0.08550 148.99
5.00 0.08550 148.94
5.08 0.08590 148.94
5.08 0.08590 148.88
5.19 0.08660 148.80
5.22 0.08630 148.80
5.23 0.08630 148.71
5.28 0.08700 148.71
5.37 0.08740 148.61
5.42 0.08810 148.58
5.46 0.08780 148.58
5.53 0.08810 148.55
5.62 0.08890 148.55
5.63 0.08930 148.55
5.71 0.08930 148.55
5.72 0.09000 148.55
5.79 0.09000 148.54
5.94 0.09070 148.58
5.90 0.09070 148.58
6.02 0.09040 148.56
6.00 0.09150 148.55
6.07 0.09040 148.55
6.17 0.09070 148.58
6.23 0.09110 148.60
6.25 0.09110 148.60
6.35 0.09070 148.61
6.41 0.09110 148.61
6.42 0.09070 148.64
6.47 0.09110 148.64
6.54 0.09150 148.64
6.60 0.09150 148.64
6.62 0.09150 148.64
6.67 0.09150 148.65
6.78 0.09220 148.66
6.80 0.09220 148.66
6.85 0.09190 148.66
6.90 0.09220 148.66
6.95 0.09260 148.66
6.96 0.09300 148.68
7.04 0.09260 148.73
7.18 0.09220 148.73
7.19 0.09220 148.74
7.19 0.09220 148.74
7.24 0.09220 148.74
7.37 0.09300 148.74
7.36 0.09260 148.74
7.40 0.09260 148.75
7.46 0.09220 148.75
7.54 0.09260 148.77
7.67 0.09220 148.80
7.61 0.09190 148.80
7.76 0.09110 148.84
7.72 0.09190 148.88
7.86 0.09190 148.88
7.88 0.09150 148.86
7.94 0.09150 148.86
8.02 0.09150 148.88
8.04 0.09190 148.88
8.12 0.09190 148.91
8.11 0.09190 148.91
8.17 0.09220 148.93
8.24 0.09220 148.94
8.34 0.09260 148.94
8.39 0.09300 148.98
8.43 0.09260 148.98
8.51 0.09300 149.00
8.55 0.09380 149.00
8.55 0.09410 149.00
8.63 0.09530 149.04
8.67 0.09490 149.04
8.76 0.09560 149.06
8.82 0.09600 149.10
8.81 0.09600 149.10
8.84 0.09710 149.13
8.98 0.09750 149.13
8.99 0.09750 149.18
9.02 0.09940 149.21
9.10 0.10010 149.21
9.17 0.10050 149.25
9.22 0.10130 149.25
9.22 0.10240 149.27
9.32 0.10390 149.30
9.35 0.10420 149.30
9.42 0.10460 149.30
9.49 0.10610 149.30
9.58 0.10720 149.34
9.52 0.10880 149.34
9.65 0.10950 149.34
9.69 0.11100 149.38
9.78 0.11400 149.39
9.80 0.11360 149.39
9.85 0.11510 149.41
9.88 0.11660 149.50
9.94 0.11810 149.50
10.05 0.11960 149.55
10.06 0.12230 149.55
10.08 0.12410 149.59
10.15 0.12680 149.63
10.25 0.12900 149.63
10.26 0.13050 149.69
10.33 0.13270 149.69
10.39 0.13460 149.73
10.38 0.13800 149.77
10.45 0.13990 149.77
10.59 0.14250 149.80
10.58 0.14620 149.80
10.67 0.14740 149.81
10.73 0.15000 149.84
10.77 0.15190 149.84
10.84 0.15410 149.88
10.90 0.15670 149.88
10.85 0.15940 149.86
10.96 0.16160 149.86
11.03 0.16350 149.86
11.04 0.16570 149.86
11.13 0.16720 149.86
11.20 0.16870 149.86
11.19 0.16990 149.83
11.25 0.17250 149.83
11.38 0.17470 149.84
11.46 0.17700 149.84
11.43 0.17890 149.84
11.51 0.17960 149.84
11.57 0.18110 149.84
11.57 0.18220 149.81
11.64 0.18490 149.81
11.76 0.18790 149.75
11.79 0.19200 149.71
11.79 0.19350 149.71
11.89 0.19610 149.70
11.90 0.19720 149.70
11.99 0.19840 149.65
12.05 0.20060 149.64
12.06 0.20100 149.64
12.15 0.20170 149.60
12.17 0.20400 149.59
12.25 0.20440 149.59
12.25 0.20400 149.58
12.39 0.20550 149.58
12.37 0.20550 149.58
12.45 0.20550 149.54
12.46 0.20590 149.54
12.61 0.20700 149.50
12.65 0.20770 149.50
12.63 0.20550 149.50
12.71 0.20320 149.50
12.74 0.20140 149.50
12.87 0.19990 149.50
12.89 0.19870 149.51
12.99 0.19760 149.52
12.95 0.19650 149.52
13.02 0.19610 149.51
13.10 0.19570 149.51
13.14 0.19540 149.54
13.21 0.19460 149.54
13.29 0.19420 149.55
13.31 0.19350 149.58
13.41 0.19390 149.58
13.40 0.19310 149.60
13.47 0.19420 149.65
13.51 0.19390 149.65
13.63 0.19460 149.66
13.61 0.19610 149.73
13.73 0.19720 149.73
13.70 0.19840 149.76
13.81 0.20030 149.80
13.85 0.20140 149.80
13.85 0.20320 149.84
14.00 0.20550 149.84
14.01 0.20770 149.91
14.06 0.21070 149.98
14.10 0.21300 149.98
14.20 0.21560 150.04
14.22 0.21860 150.04
14.25 0.22160 150.13
14.33 0.22610 150.21
14.34 0.22840 150.21
14.46 0.23290 150.29
14.47 0.23890 150.36
14.51 0.24190 150.36
14.63 0.24750 150.44
14.62 0.25090 150.55
14.66 0.25650 150.55
14.71 0.25990 150.68
14.83 0.26630 150.68
14.87 0.27380 150.76
14.93 0.27860 150.88
15.00 0.28540 150.88
15.05 0.29060 150.96
15.05 0.29700 150.96
15.09 0.30260 151.06
15.15 0.31010 151.15
15.26 0.31650 151.15
15.30 0.32440 151.25
15.31 0.33380 151.25
15.40 0.34010 151.34
15.45 0.35060 151.41
15.52 0.35660 151.41
15.51 0.36560 151.52
15.60 0.37390 151.61
15.71 0.38440 151.61
15.71 0.39450 151.66
15.75 0.40270 151.71
15.82 0.41400 151.71
15.84 0.42040 151.75
15.93 0.43160 151.76
15.94 0.43840 151.76
15.98 0.45000 151.77
16.11 0.45710 151.77
16.19 0.46760 151.80
16.15 0.47960 151.83
16.24 0.48680 151.83
16.28 0.49580 151.85
16.39 0.50250 151.85
16.37 0.51110 151.83
16.44 0.51670 151.83
16.54 0.52460 151.77
16.59 0.53320 151.79
16.62 0.53850 151.79
16.68 0.54530 151.80
16.71 0.55010 151.80
16.81 0.55650 151.80
16.83 0.56020 151.77
16.88 0.56630 151.75
16.98 0.56890 151.75
17.03 0.57230 151.70
17.05 0.57450 151.70
17.10 0.57490 151.69
17.19 0.57490 151.66
17.17 0.57410 151.66
17.26 0.57190 151.61
17.35 0.57080 151.61
17.38 0.56770 151.60
17.40 0.56510 151.56
17.51 0.56360 151.56
17.56 0.56100 151.55
17.62 0.55950 151.55
17.65 0.55840 151.55
17.71 0.55730 151.55
17.68 0.55310 151.56
17.75 0.55090 151.55
17.85 0.54640 151.55
17.87 0.54080 151.50
17.93 0.53660 151.50
18.04 0.53180 151.48
18.10 0.52800 151.44
18.06 0.52430 151.44
18.21 0.52280 151.41
18.20 0.52010 151.41
18.31 0.51860 151.40
18.34 0.51790 151.31
18.33 0.51640 151.31
18.43 0.51560 151.23
18.45 0.51490 151.15
18.54 0.51380 151.15
18.53 0.51300 151.10
18.65 0.51340 151.06
18.67 0.51300 151.06
18.78 0.51530 151.02
18.80 0.51640 151.02
18.81 0.51860 150.96
18.94 0.52160 150.91
18.99 0.52540 150.91
19.05 0.52880 150.86
19.05 0.53360 150.80
19.13 0.53850 150.80
19.23 0.54190 150.75
19.27 0.54710 150.75
19.26 0.55130 150.70
19.30 0.55910 150.65
19.39 0.56400 150.65
19.44 0.57190 150.58
19.46 0.57750 150.58
19.55 0.58690 150.55
19.61 0.60000 150.54
19.68 0.60710 150.54
19.70 0.61730 150.48
19.80 0.62480 150.48
19.81 0.63640 150.43
19.83 0.64580 150.39
19.97 0.65930 150.39
19.98 0.67460 150.36
20.04 0.68480 150.36
20.13 0.70090 150.36
20.12 0.71360 150.36
20.18 0.73010 150.36
20.28 0.73950 150.35
20.32 0.75790 150.35
20.35 0.77060 150.34
20.41 0.79130 150.30
20.44 0.80960 150.30
20.50 0.82430 150.27
20.57 0.84640 150.27
20.62 0.86210 150.24
20.62 0.88500 150.20
20.76 0.90000 150.20
20.78 0.92510 150.19
20.83 0.95210 150.19
20.88 0.96820 150.14
20.95 0.99600 150.11
21.00 1.01250 150.11
21.07 1.03910 150.01
21.06 1.05750 150.01
21.18 1.08410 149.94
21.23 1.10510 149.90
21.26 1.13250 149.90
21.34 1.16100 149.84
21.38 1.17970 149.84
21.39 1.20940 149.79
21.48 1.22850 149.77
21.50 1.25400 149.77
21.56 1.27350 149.74
21.64 1.29970 149.74
21.69 1.32750 149.71
21.76 1.34510 149.71
21.76 1.37320 149.69
21.86 1.39050 149.63
21.87 1.41260 149.63
21.93 1.43060 149.58
22.00 1.45310 149.58
22.06 1.46850 149.52
22.08 1.49100 149.49
22.20 1.50940 149.49
22.19 1.52140 149.44
22.28 1.53670 149.44
22.31 1.54610 149.41
22.34 1.55850 149.41
22.45 1.56680 149.41
22.50 1.57500 149.40
22.56 1.58550 149.38
22.57 1.59070 149.38
22.65 1.59710 149.35
22.69 1.60270 149.35
22.73 1.60950 149.33
22.85 1.61360 149.36
22.87 1.61850 149.36
22.86 1.62070 149.38
22.93 1.62340 149.35
22.97 1.62300 149.35
23.09 1.62370 149.34
23.07 1.62110 149.34
23.20 1.62000 149.34
23.19 1.61740 149.33
23.29 1.61700 149.33
23.38 1.61590 149.33
23.34 1.61630 149.33
23.49 1.61740 149.33
23.52 1.61960 149.34
23.53 1.62150 149.34
23.64 1.62370 149.38
23.62 1.62670 149.38
23.69 1.62790 149.38
23.79 1.62970 149.40
23.84 1.63280 149.40
23.88 1.63570 149.40
23.94 1.64020 149.44
23.95 1.64470 149.44
24.07 1.65040 149.46
24.02 1.65860 149.46
24.16 1.66500 149.45
24.21 1.67590 149.46
24.24 1.68860 149.46
24.30 1.69720 149.49
24.32 1.71040 149.49
24.42 1.71900 149.54
24.43 1.73510 149.58
24.49 1.74520 149.58
24.51 1.76100 149.59
24.61 1.77370 149.59
24.66 1.79360 149.63
24.72 1.81840 149.66
24.81 1.83300 149.66
24.81 1.85890 149.69
24.84 1.87610 149.69
24.87 1.90270 149.69
25.02 1.92490 149.71
25.03 1.95450 149.71
25.08 1.99090 149.73
25.14 2.01600 149.73
25.16 2.04940 149.70
