-0.37 0.08470 149.96
-0.44 0.08510 150.01
-0.37 0.08470 150.01
-0.36 0.08470 150.06
-0.41 0.08440 150.09
-0.38 0.08440 150.09
-0.37 0.08470 150.15
-0.26 0.08470 150.15
-0.29 0.08470 150.18
-0.19 0.08470 150.21
0.00 0.08470 150.21
0.07 0.08400 150.27
0.19 0.08510 150.31
0.26 0.08440 150.31
0.42 0.08440 150.36
0.55 0.08470 150.45
0.74 0.08470 150.45
0.90 0.08470 150.52
1.02 0.08440 150.55
1.14 0.08400 150.55
1.30 0.08470 150.56
1.45 0.08510 150.56
1.54 0.08440 150.56
1.67 0.08470 150.55
1.73 0.08470 150.52
1.90 0.08440 150.52
1.98 0.08440 150.51
2.13 0.08470 150.51
2.25 0.08470 150.52
2.26 0.08440 150.49
2.32 0.08400 150.49
2.47 0.08440 150.43
2.58 0.08440 150.38
2.61 0.08440 150.38
2.69 0.08440 150.35
2.80 0.08510 150.33
2.90 0.08470 150.33
2.98 0.08440 150.24
3.02 0.08470 150.24
3.07 0.08470 150.21
3.15 0.08470 150.19
3.18 0.08470 150.19
3.29 0.08440 150.14
3.37 0.08470 150.14
3.41 0.08470 150.09
3.54 0.08510 150.06
3.54 0.08470 150.06
3.66 0.08470 150.00
3.67 0.08470 149.98
3.75 0.08440 149.98
3.83 0.08470 149.95
3.87 0.08470 149.95
3.99 0.08470 149.93
4.03 0.08510 149.91
4.08 0.08470 149.91
4.13 0.08470 149.94
4.23 0.08440 149.94
4.22 0.08440 149.93
4.30 0.08440 149.89
4.38 0.08440 149.89
4.46 0.08470 149.89
4.50 0.08510 149.90
4.56 0.08470 149.90
4.65 0.08440 149.91
4.71 0.08470 149.91
4.73 0.08440 149.93
4.79 0.08470 149.93
4.87 0.08400 149.93
4.93 0.08470 149.91
4.97 0.08440 149.91
5.05 0.08400 149.98
5.10 0.08400 149.96
5.08 0.08470 149.96
5.21 0.08510 149.93
5.21 0.08440 149.90
5.29 0.08440 149.90
5.33 0.08470 149.89
5.45 0.08470 149.89
5.43 0.08440 149.86
5.54 0.08440 149.83
5.54 0.08440 149.83
5.61 0.08440 149.75
5.72 0.08440 149.75
5.79 0.08440 149.69
5.80 0.08400 149.68
5.83 0.08440 149.68
5.89 0.08470 149.64
5.97 0.08510 149.60
5.97 0.08470 149.60
6.04 0.08510 149.59
6.14 0.08510 149.58
6.14 0.08440 149.58
6.24 0.08440 149.52
6.28 0.08400 149.49
6.30 0.08400 149.49
6.35 0.08440 149.45
6.45 0.08440 149.45
6.52 0.08440 149.38
6.56 0.08470 149.33
6.58 0.08440 149.33
6.66 0.08470 149.31
6.74 0.08510 149.25
6.78 0.08470 149.25
6.79 0.08470 149.23
6.85 0.08470 149.23
6.94 0.08510 149.23
6.98 0.08510 149.21
7.04 0.08470 149.21
7.08 0.08470 149.18
7.19 0.08510 149.15
7.22 0.08550 149.15
7.26 0.08550 149.16
7.33 0.08550 149.18
7.38 0.08510 149.18
7.44 0.08550 149.21
7.47 0.08550 149.20
7.49 0.08510 149.20
7.64 0.08550 149.23
7.64 0.08550 149.24
7.69 0.08510 149.24
7.75 0.08510 149.24
7.77 0.08550 149.27
7.86 0.08550 149.27
7.95 0.08550 149.31
7.98 0.08510 149.31
8.01 0.08550 149.35
8.04 0.08550 149.44
8.07 0.08470 149.44
8.20 0.08550 149.54
8.19 0.08510 149.54
8.25 0.08590 149.60
8.37 0.08590 149.66
8.35 0.08590 149.66
8.47 0.08550 149.76
8.53 0.08550 149.76
8.53 0.08550 149.81
8.56 0.08590 149.88
8.69 0.08550 149.88
8.73 0.08550 149.96
8.81 0.08630 149.96
8.81 0.08630 150.06
8.85 0.08660 150.18
8.95 0.08630 150.18
8.96 0.08660 150.26
9.00 0.08660 150.26
9.09 0.08660 150.35
9.18 0.08780 150.41
9.20 0.08740 150.41
9.23 0.08740 150.48
9.28 0.08810 150.49
9.36 0.08850 150.49
9.42 0.08850 150.52
9.46 0.08930 150.52
9.51 0.08930 150.59
9.59 0.09000 150.59
9.61 0.09040 150.61
9.69 0.09150 150.64
9.74 0.09150 150.64
9.75 0.09190 150.65
9.85 0.09300 150.65
9.88 0.09300 150.65
9.94 0.09410 150.65
9.95 0.09560 150.66
10.05 0.09640 150.68
10.09 0.09680 150.68
10.16 0.09750 150.68
10.21 0.09860 150.68
10.25 0.09940 150.66
10.30 0.10090 150.68
10.32 0.10130 150.68
10.39 0.10270 150.68
10.46 0.10420 150.68
10.54 0.10610 150.68
10.61 0.10720 150.66
10.62 0.10800 150.66
10.68 0.10990 150.60
10.72 0.11100 150.60
10.83 0.11290 150.55
10.85 0.11590 150.54
10.91 0.11660 150.54
10.98 0.11890 150.52
11.05 0.11960 150.52
11.10 0.12080 150.52
11.14 0.12260 150.54
11.18 0.12490 150.54
11.26 0.12640 150.55
11.32 0.12970 150.56
11.32 0.13120 150.56
11.37 0.13310 150.60
11.41 0.13500 150.60
11.53 0.13690 150.63
11.51 0.13880 150.68
11.63 0.13990 150.68
11.67 0.14210 150.71
11.67 0.14400 150.70
11.80 0.14440 150.70
11.79 0.14440 150.75
11.91 0.14550 150.77
11.90 0.14550 150.77
11.96 0.14660 150.80
12.01 0.14620 150.80
12.03 0.14660 150.81
12.17 0.14590 150.83
12.16 0.14550 150.83
12.23 0.14470 150.81
12.23 0.14360 150.81
12.35 0.14320 150.83
12.39 0.14210 150.81
12.42 0.14100 150.81
12.52 0.13950 150.83
12.51 0.13760 150.83
12.60 0.13650 150.85
12.66 0.13500 150.86
12.69 0.13390 150.86
12.77 0.13200 150.88
12.79 0.13120 150.88
12.87 0.12860 150.89
12.93 0.12790 150.88
13.00 0.12560 150.88
13.04 0.12380 150.88
13.12 0.12230 150.88
13.16 0.12000 150.85
13.16 0.11890 150.84
13.27 0.11700 150.84
13.31 0.11590 150.81
13.36 0.11440 150.81
13.39 0.11290 150.79
13.48 0.11180 150.79
13.48 0.11060 150.77
13.59 0.10990 150.70
13.63 0.10880 150.70
13.69 0.10800 150.64
13.72 0.10760 150.64
13.79 0.10720 150.59
13.81 0.10610 150.55
13.92 0.10580 150.55
13.95 0.10610 150.52
14.00 0.10540 150.52
14.07 0.10540 150.54
14.10 0.10650 150.55
14.19 0.10580 150.55
14.26 0.10690 150.59
14.25 0.10800 150.59
14.35 0.10840 150.59
14.36 0.10910 150.55
14.45 0.11030 150.52
14.43 0.11100 150.52
14.54 0.11210 150.51
14.55 0.11330 150.51
14.62 0.11480 150.49
14.69 0.11740 150.46
14.73 0.11960 150.46
14.83 0.12080 150.43
14.86 0.12340 150.43
14.87 0.12520 150.40
14.90 0.12860 150.38
15.00 0.13090 150.38
15.05 0.13350 150.31
15.08 0.13690 150.31
15.18 0.13990 150.27
15.21 0.14440 150.26
15.24 0.14740 150.26
15.33 0.15150 150.25
15.42 0.15410 150.25
15.40 0.15860 150.25
15.52 0.16200 150.24
15.55 0.16760 150.21
15.61 0.17210 150.21
15.64 0.17590 150.19
15.73 0.18190 150.19
15.78 0.18490 150.16
15.77 0.19200 150.09
15.86 0.19650 150.09
15.94 0.20170 150.06
15.96 0.20890 150.06
16.04 0.21410 150.04
16.04 0.22010 150.01
16.14 0.22460 150.01
16.15 0.23210 149.98
16.21 0.23740 149.98
16.29 0.24530 149.93
16.37 0.25130 149.89
16.44 0.25840 149.89
16.47 0.26630 149.85
16.46 0.27230 149.81
16.58 0.27860 149.81
16.64 0.28310 149.77
16.68 0.28950 149.77
16.70 0.29290 149.73
16.76 0.29890 149.70
16.84 0.30410 149.70
16.93 0.30680 149.70
16.96 0.31010 149.70
16.95 0.31240 149.69
17.02 0.31430 149.71
17.08 0.31540 149.71
17.08 0.31650 149.71
17.15 0.31730 149.71
17.22 0.31650 149.71
17.30 0.31570 149.75
17.31 0.31430 149.75
17.43 0.31200 149.75
17.43 0.31010 149.75
17.46 0.30680 149.73
17.56 0.30410 149.74
17.62 0.29740 149.74
17.66 0.29180 149.73
17.76 0.28840 149.71
17.75 0.28280 149.71
17.83 0.27830 149.69
17.91 0.27150 149.69
17.92 0.26660 149.70
17.93 0.25990 149.71
18.00 0.25500 149.71
18.06 0.24900 149.74
18.19 0.24040 149.76
18.20 0.23550 149.76
18.21 0.22990 149.79
18.34 0.22460 149.79
18.34 0.21830 149.80
18.44 0.21410 149.85
18.49 0.20770 149.85
18.49 0.20250 149.90
18.60 0.19840 149.90
18.59 0.19350 149.93
18.65 0.19120 149.91
18.75 0.18640 149.91
18.81 0.18490 149.89
18.86 0.18070 149.86
18.88 0.17850 149.86
18.92 0.17550 149.85
18.95 0.17360 149.83
19.06 0.17210 149.83
19.10 0.17140 149.83
19.20 0.17060 149.83
19.16 0.17020 149.81
19.24 0.17020 149.79
19.37 0.17060 149.79
19.37 0.17250 149.75
19.45 0.17290 149.75
19.44 0.17440 149.73
19.56 0.17660 149.74
19.58 0.17920 149.74
19.67 0.18110 149.70
19.67 0.18520 149.65
19.78 0.18710 149.65
19.81 0.19090 149.59
19.86 0.19720 149.59
19.93 0.20100 149.52
19.94 0.20700 149.45
20.05 0.21150 149.45
20.05 0.21750 149.38
20.15 0.22240 149.38
20.17 0.23060 149.30
20.24 0.24040 149.25
20.33 0.24560 149.25
20.37 0.25350 149.16
20.39 0.26030 149.16
20.47 0.27110 149.11
20.53 0.27860 149.06
20.57 0.28800 149.06
20.61 0.29620 149.02
20.63 0.30830 149.02
20.75 0.32170 148.94
20.77 0.33040 148.94
20.81 0.34500 148.88
20.89 0.35440 148.81
20.87 0.36680 148.81
21.00 0.37840 148.76
21.01 0.39300 148.76
21.10 0.41100 148.73
21.18 0.42380 148.71
21.17 0.43880 148.71
21.22 0.45150 148.70
21.25 0.46880 148.70
21.30 0.48260 148.66
21.39 0.50140 148.63
21.41 0.51380 148.63
21.55 0.53290 148.61
21.54 0.55270 148.61
21.65 0.56740 148.60
21.63 0.58690 148.58
21.71 0.59930 148.58
21.76 0.61910 148.54
21.85 0.63380 148.55
21.92 0.65060 148.55
21.93 0.66900 148.52
21.96 0.68060 148.46
22.02 0.69640 148.46
22.06 0.70420 148.43
22.14 0.71740 148.43
22.19 0.72750 148.38
22.24 0.73950 148.35
22.31 0.74590 148.35
22.34 0.75450 148.34
22.35 0.76280 148.34
22.50 0.76730 148.35
22.50 0.77060 148.35
22.59 0.77320 148.35
22.65 0.77440 148.34
22.67 0.77400 148.34
22.72 0.77060 148.35
22.81 0.76610 148.38
22.83 0.76280 148.38
22.91 0.75560 148.38
22.98 0.75040 148.38
23.00 0.74100 148.35
23.02 0.73460 148.34
23.09 0.72450 148.34
23.11 0.71590 148.35
23.22 0.70350 148.35
23.29 0.68850 148.34
23.35 0.67910 148.34
23.34 0.66640 148.34
23.38 0.65590 148.33
23.41 0.64130 148.33
23.53 0.62930 148.38
23.59 0.61390 148.40
23.61 0.60110 148.40
23.69 0.59100 148.44
23.73 0.57750 148.44
23.82 0.56740 148.51
23.87 0.55460 148.59
23.87 0.54750 148.59
23.90 0.53780 148.66
23.96 0.53060 148.70
24.03 0.52130 148.70
24.07 0.51340 148.76
24.13 0.50780 148.76
24.20 0.50140 148.83
24.25 0.49730 148.86
24.27 0.49390 148.86
24.38 0.49200 148.96
24.49 0.49090 148.96
24.45 0.49090 149.02
24.54 0.49200 149.08
24.62 0.49420 149.08
24.69 0.49690 149.15
24.69 0.50250 149.15
24.76 0.50590 149.21
24.82 0.51300 149.27
24.85 0.51710 149.27
24.95 0.52760 149.34
25.00 0.53930 149.34
25.04 0.54830 149.43
25.02 0.56290 149.52
25.08 0.57230 149.52
25.15 0.58910 149.63
