2315.65
2420.99
2424.73
2493.15
2515.46
2531.54
2586.31
2594.96
2611.81
2661
2671.83
2678.09
2680.34
2680.43
2809.52
2839.56
2841.72
2852.81
2853.01
2859.49
2871.28
2881.15
2886.26
2901.14
2904.72
2904.92
2917.52
2919.05
2919.85
2920.95
2923.49
2937.74
2947.5
2951.24
2952.4
2977.13
2979.66
2980.63
2984.19
3004.15
3007.44
3009.14
3015.4
3053.67
3056.16
3060.25
3061.35
3092.73
3094.45
3095.55
3124.42
3135.48
3137.86
3145.71
3149.28
3163.74
3179.06
3189.79
3212.19
3257.96
3274.22
3285.6
3301.35
3302.37
3302.98
3304.96
3318.04
3327.69
3426.86
3533.05
3631.27
3711.07
4113.7
4324.62
4390.03
4392.81
4393.34
4405.12
4455.23
4490.87
4494.18
4497.66
4664.811
4668.56
4978.541
4982.813
5148.838
5153.402
5414.55
5682.633
5688.193
5688.205
5889.95
5895.924
6154.225
6160.747
6514.21
6530.7
6544.04
6545.75
7809.78
