-0.83 -0.16760 39.76
-0.83 -0.16720 39.76
-0.83 -0.16690 39.78
-0.83 -0.16610 39.78
-0.83 -0.16610 39.75
-0.81 -0.16650 39.75
-0.79 -0.16650 39.76
-0.74 -0.16720 39.76
-0.69 -0.16760 39.72
-0.59 -0.16840 39.71
-0.47 -0.16840 39.71
-0.38 -0.16840 39.70
-0.25 -0.16840 39.70
-0.14 -0.16910 39.70
0.01 -0.16910 39.70
0.12 -0.16800 39.69
0.29 -0.16800 39.69
0.49 -0.16950 39.69
0.60 -0.16840 39.69
0.76 -0.16870 39.70
0.87 -0.16870 39.70
1.01 -0.16800 39.70
1.11 -0.16800 39.71
1.24 -0.16800 39.71
1.33 -0.16800 39.71
1.45 -0.16800 39.71
1.58 -0.16840 39.68
1.65 -0.16720 39.68
1.76 -0.16760 39.65
1.83 -0.16800 39.65
1.93 -0.16800 39.64
2.00 -0.16840 39.65
2.09 -0.16840 39.65
2.20 -0.16760 39.65
2.26 -0.16840 39.65
2.35 -0.16800 39.68
2.41 -0.16840 39.68
2.50 -0.16840 39.69
2.55 -0.16800 39.68
2.63 -0.16720 39.68
2.69 -0.16800 39.70
2.77 -0.16760 39.70
2.86 -0.16720 39.70
2.91 -0.16690 39.71
2.99 -0.16720 39.71
3.04 -0.16720 39.71
3.11 -0.16760 39.71
3.16 -0.16650 39.71
3.24 -0.16800 39.71
3.32 -0.16720 39.69
3.36 -0.16690 39.69
3.43 -0.16650 39.69
3.48 -0.16690 39.69
3.56 -0.16650 39.69
3.60 -0.16690 39.69
3.67 -0.16760 39.69
3.72 -0.16690 39.70
3.78 -0.16650 39.70
3.86 -0.16690 39.69
3.90 -0.16690 39.69
3.97 -0.16650 39.69
4.02 -0.16610 39.70
4.08 -0.16720 39.70
4.13 -0.16650 39.72
4.20 -0.16690 39.72
4.27 -0.16650 39.71
4.31 -0.16650 39.71
4.38 -0.16650 39.71
4.42 -0.16760 39.71
4.48 -0.16610 39.70
4.53 -0.16690 39.69
4.59 -0.16690 39.69
4.63 -0.16690 39.68
4.70 -0.16650 39.68
4.77 -0.16650 39.69
4.81 -0.16690 39.69
4.87 -0.16690 39.66
4.92 -0.16720 39.63
4.98 -0.16760 39.63
5.03 -0.16720 39.61
5.09 -0.16720 39.61
5.15 -0.16690 39.63
5.20 -0.16650 39.63
5.26 -0.16690 39.64
5.31 -0.16570 39.64
5.37 -0.16570 39.64
5.41 -0.16690 39.65
5.47 -0.16610 39.65
5.51 -0.16690 39.64
5.58 -0.16690 39.64
5.64 -0.16690 39.63
5.69 -0.16570 39.63
5.75 -0.16570 39.61
5.80 -0.16610 39.63
5.85 -0.16690 39.63
5.89 -0.16610 39.63
5.96 -0.16570 39.63
6.03 -0.16500 39.63
6.07 -0.16460 39.64
6.13 -0.16460 39.64
6.17 -0.16540 39.64
6.23 -0.16570 39.64
6.27 -0.16570 39.63
6.33 -0.16570 39.63
6.38 -0.16610 39.64
6.44 -0.16610 39.64
6.50 -0.16570 39.65
6.54 -0.16540 39.65
6.61 -0.16500 39.65
6.65 -0.16500 39.65
6.71 -0.16540 39.63
6.75 -0.16460 39.63
6.81 -0.16420 39.64
6.88 -0.16540 39.64
6.92 -0.16540 39.66
6.99 -0.16460 39.68
7.02 -0.16460 39.68
7.08 -0.16500 39.68
7.13 -0.16460 39.68
7.19 -0.16310 39.65
7.23 -0.16460 39.66
7.29 -0.16500 39.66
7.36 -0.16460 39.63
7.40 -0.16460 39.63
7.46 -0.16420 39.64
7.50 -0.16500 39.64
7.57 -0.16500 39.65
7.61 -0.16500 39.65
7.67 -0.16540 39.63
7.74 -0.16610 39.63
7.77 -0.16540 39.63
7.83 -0.16570 39.61
7.88 -0.16500 39.61
7.94 -0.16500 39.61
7.98 -0.16540 39.61
8.04 -0.16540 39.58
8.08 -0.16610 39.58
8.14 -0.16650 39.56
8.21 -0.16540 39.56
8.25 -0.16540 39.58
8.31 -0.16570 39.58
8.35 -0.16610 39.56
8.41 -0.16570 39.56
8.46 -0.16500 39.56
8.51 -0.16540 39.56
8.58 -0.16570 39.53
8.63 -0.16540 39.53
8.69 -0.16570 39.51
8.72 -0.16500 39.51
8.79 -0.16570 39.50
8.83 -0.16540 39.50
8.89 -0.16500 39.49
8.93 -0.16420 39.49
8.99 -0.16540 39.46
9.06 -0.16500 39.44
9.10 -0.16570 39.44
9.16 -0.16500 39.44
9.20 -0.16500 39.44
9.26 -0.16500 39.43
9.30 -0.16540 39.43
9.36 -0.16570 39.45
9.43 -0.16500 39.45
9.47 -0.16500 39.43
9.53 -0.16500 39.43
9.57 -0.16540 39.43
9.63 -0.16540 39.43
9.68 -0.16570 39.44
9.73 -0.16540 39.44
9.78 -0.16420 39.43
9.84 -0.16500 39.43
9.91 -0.16420 39.43
9.95 -0.16500 39.41
10.01 -0.16540 39.41
10.05 -0.16500 39.40
10.11 -0.16500 39.40
10.15 -0.16570 39.38
10.21 -0.16460 39.38
10.28 -0.16540 39.39
10.32 -0.16390 39.39
10.38 -0.16420 39.39
10.42 -0.16500 39.36
10.48 -0.16460 39.36
10.52 -0.16350 39.39
10.58 -0.16350 39.41
10.62 -0.16350 39.41
10.69 -0.16390 39.43
10.75 -0.16350 39.43
10.79 -0.16420 39.43
10.85 -0.16460 39.43
10.90 -0.16350 39.44
10.96 -0.16390 39.44
11.00 -0.16350 39.45
11.06 -0.16460 39.45
11.13 -0.16390 39.45
11.17 -0.16460 39.45
11.23 -0.16420 39.47
11.27 -0.16540 39.47
11.33 -0.16310 39.47
11.37 -0.16390 39.47
11.43 -0.16390 39.49
11.47 -0.16460 39.47
11.53 -0.16420 39.47
11.60 -0.16460 39.47
11.64 -0.16390 39.47
11.70 -0.16420 39.47
11.74 -0.16540 39.47
11.80 -0.16540 39.49
11.84 -0.16690 39.49
11.91 -0.16720 39.50
11.97 -0.16910 39.53
12.01 -0.17210 39.53
12.07 -0.17360 39.56
12.11 -0.17660 39.56
12.17 -0.17890 39.54
12.22 -0.18300 39.54
12.28 -0.18710 39.55
12.31 -0.19160 39.55
12.37 -0.19690 39.56
12.45 -0.20550 39.59
12.49 -0.21560 39.59
12.55 -0.22240 39.58
12.59 -0.23320 39.58
12.65 -0.24410 39.58
12.69 -0.25950 39.59
12.75 -0.26890 39.59
12.81 -0.28760 39.61
12.86 -0.30710 39.61
12.92 -0.32290 39.61
12.96 -0.34650 39.61
13.02 -0.36380 39.63
13.06 -0.38810 39.63
13.12 -0.41060 39.61
13.16 -0.43990 39.61
13.23 -0.46160 39.61
13.30 -0.49800 39.60
13.34 -0.53850 39.60
13.39 -0.56330 39.60
13.44 -0.60450 39.60
13.50 -0.63600 39.60
13.54 -0.68060 39.60
13.60 -0.71890 39.59
13.67 -0.77700 39.59
13.71 -0.83890 39.59
13.77 -0.87860 39.56
13.81 -0.93900 39.56
13.87 -0.99000 39.58
13.91 -1.05490 39.58
13.97 -1.10510 39.58
14.01 -1.18160 39.58
14.07 -1.23450 39.59
14.14 -1.31590 39.59
14.18 -1.41070 39.58
14.24 -1.47940 39.58
14.28 -1.56860 39.56
14.34 -1.65670 39.53
14.38 -1.75430 39.53
14.44 -1.82290 39.53
14.51 -1.92970 39.53
14.56 -2.05460 39.51
14.62 -2.14880 39.50
14.66 -2.26800 39.50
14.72 -2.34750 39.46
14.76 -2.47800 39.46
14.82 -2.57210 39.45
14.86 -2.70150 39.45
14.92 -2.79860 39.44
14.99 -2.93480 39.44
15.02 -3.01840 39.44
