-0.91 -0.12110 58.83
-0.91 -0.12190 58.83
-0.91 -0.12150 58.81
-0.90 -0.12150 58.81
-0.90 -0.12190 58.83
-0.89 -0.12110 58.81
-0.87 -0.12150 58.81
-0.82 -0.12150 58.81
-0.77 -0.12230 58.81
-0.68 -0.12040 58.83
-0.56 -0.12150 58.79
-0.48 -0.12080 58.79
-0.34 -0.12190 58.79
-0.24 -0.12190 58.79
-0.09 -0.12230 58.78
0.01 -0.12190 58.78
0.17 -0.12380 58.80
0.37 -0.12380 58.80
0.49 -0.12410 58.79
0.65 -0.12340 58.76
0.75 -0.12260 58.76
0.90 -0.12230 58.78
1.00 -0.12340 58.78
1.14 -0.12260 58.76
1.22 -0.12230 58.78
1.35 -0.12340 58.78
1.48 -0.12260 58.78
1.55 -0.12190 58.78
1.67 -0.12150 58.76
1.74 -0.12230 58.76
1.84 -0.12110 58.75
1.91 -0.12190 58.75
2.01 -0.12230 58.75
2.11 -0.12190 58.75
2.17 -0.12260 58.76
2.26 -0.12230 58.76
2.32 -0.12300 58.79
2.41 -0.12230 58.80
2.47 -0.12190 58.80
2.55 -0.12230 58.78
2.61 -0.12190 58.78
2.69 -0.12150 58.78
2.78 -0.12190 58.78
2.83 -0.12190 58.78
2.91 -0.12110 58.76
2.96 -0.12150 58.76
3.04 -0.12110 58.80
3.09 -0.12110 58.80
3.16 -0.12110 58.79
3.24 -0.12150 58.81
3.29 -0.12110 58.81
3.36 -0.12110 58.84
3.41 -0.12150 58.84
3.48 -0.12150 58.85
3.53 -0.12040 58.85
3.60 -0.12040 58.88
3.65 -0.12000 58.88
3.72 -0.12110 58.89
3.79 -0.12150 58.89
3.84 -0.12080 58.91
3.91 -0.12080 58.93
3.95 -0.11890 58.93
4.02 -0.12040 58.95
4.06 -0.12080 58.95
4.13 -0.11960 58.97
4.20 -0.12040 58.97
4.24 -0.12000 59.03
4.31 -0.11960 59.03
4.35 -0.12040 59.04
4.42 -0.12040 59.03
4.47 -0.12110 59.03
4.53 -0.12080 59.01
4.57 -0.12080 59.01
4.63 -0.12080 59.04
4.71 -0.12080 59.04
4.75 -0.12040 59.04
4.82 -0.12110 59.04
4.86 -0.12080 59.08
4.92 -0.12110 59.06
4.96 -0.12080 59.06
5.03 -0.12080 59.08
5.09 -0.12080 59.08
5.14 -0.12150 59.09
5.20 -0.12080 59.09
5.24 -0.12000 59.10
5.31 -0.12040 59.10
5.34 -0.12080 59.10
5.42 -0.12000 59.10
5.45 -0.11960 59.10
5.51 -0.12040 59.11
5.58 -0.12040 59.11
5.63 -0.12040 59.15
5.69 -0.12040 59.15
5.73 -0.12080 59.16
5.79 -0.11890 59.16
5.83 -0.11960 59.16
5.90 -0.12040 59.18
5.97 -0.12000 59.18
6.01 -0.11960 59.15
6.07 -0.12000 59.15
6.11 -0.11960 59.14
6.17 -0.12000 59.14
6.21 -0.11960 59.15
6.27 -0.11920 59.16
6.31 -0.12040 59.16
6.38 -0.12000 59.20
6.44 -0.12000 59.20
6.49 -0.12110 59.21
6.55 -0.11960 59.21
6.59 -0.12040 59.21
6.65 -0.12000 59.24
6.69 -0.11960 59.24
6.75 -0.12040 59.22
6.82 -0.12040 59.22
6.86 -0.11890 59.26
6.93 -0.12040 59.26
6.96 -0.12040 59.29
7.03 -0.12000 59.30
7.06 -0.12040 59.30
7.13 -0.12000 59.33
7.17 -0.12000 59.33
7.23 -0.12040 59.35
7.30 -0.12080 59.35
7.34 -0.12110 59.36
7.40 -0.12000 59.36
7.44 -0.12080 59.38
7.51 -0.12080 59.38
7.54 -0.12000 59.38
7.60 -0.12000 59.39
7.67 -0.11960 59.39
7.71 -0.11960 59.38
7.78 -0.12000 59.38
7.82 -0.11960 59.40
7.88 -0.12000 59.40
7.92 -0.11960 59.43
7.98 -0.12040 59.43
8.02 -0.12000 59.46
8.08 -0.12040 59.46
8.14 -0.12000 59.45
8.19 -0.12040 59.45
8.25 -0.12000 59.46
8.29 -0.12000 59.46
8.35 -0.12080 59.47
8.39 -0.12110 59.47
8.45 -0.11960 59.47
8.52 -0.12000 59.47
8.56 -0.11810 59.50
8.62 -0.11920 59.50
8.66 -0.12110 59.54
8.73 -0.11920 59.56
8.77 -0.12040 59.56
8.82 -0.12040 59.58
8.86 -0.12000 59.58
8.93 -0.12000 59.60
8.99 -0.12150 59.60
9.03 -0.12000 59.61
9.10 -0.12080 59.61
9.13 -0.12040 59.63
9.20 -0.11960 59.63
9.24 -0.12080 59.64
9.30 -0.12080 59.64
9.36 -0.12080 59.64
9.41 -0.12110 59.64
9.47 -0.12150 59.64
9.51 -0.12080 59.66
9.57 -0.12040 59.66
9.61 -0.12040 59.65
9.67 -0.12080 59.65
9.71 -0.12110 59.66
9.78 -0.12000 59.66
9.84 -0.12040 59.66
9.88 -0.12110 59.68
9.94 -0.12000 59.68
9.98 -0.12040 59.66
10.04 -0.12080 59.66
10.08 -0.12000 59.68
10.15 -0.12000 59.69
10.21 -0.12080 59.69
10.25 -0.12110 59.68
10.31 -0.12040 59.68
10.35 -0.12080 59.69
10.42 -0.12080 59.69
10.46 -0.12080 59.70
10.52 -0.12080 59.66
10.55 -0.12110 59.66
10.62 -0.12080 59.66
10.69 -0.12150 59.66
10.72 -0.12110 59.65
10.79 -0.12110 59.65
10.83 -0.12190 59.64
10.89 -0.12300 59.64
10.93 -0.12230 59.66
10.99 -0.12340 59.66
11.05 -0.12410 59.68
11.10 -0.12520 59.68
11.16 -0.12680 59.68
11.20 -0.12860 59.68
11.26 -0.13090 59.70
11.30 -0.13500 59.71
11.36 -0.13690 59.71
11.40 -0.14020 59.69
11.46 -0.14290 59.69
11.53 -0.14700 59.69
11.57 -0.15070 59.69
11.63 -0.15450 59.72
11.68 -0.16160 59.74
11.73 -0.16420 59.74
11.77 -0.17250 59.76
11.84 -0.17810 59.76
11.90 -0.19010 59.78
11.95 -0.20740 59.81
12.01 -0.21860 59.81
12.04 -0.23960 59.84
12.11 -0.25580 59.84
12.15 -0.28650 59.86
12.21 -0.31160 59.89
12.25 -0.34870 59.89
12.31 -0.37880 59.89
12.37 -0.42790 59.89
12.42 -0.48900 59.94
12.48 -0.53960 59.94
12.52 -0.60380 59.96
12.58 -0.66340 59.99
12.62 -0.74020 59.99
12.68 -0.79430 59.99
12.75 -0.87490 59.99
12.79 -0.98030 59.99
12.85 -1.05070 59.99
12.89 -1.14520 59.99
12.95 -1.22770 60.00
12.99 -1.35000 60.00
13.06 -1.43470 59.99
13.10 -1.58550 59.99
13.15 -1.67960 59.99
13.22 -1.82740 60.03
13.26 -2.01260 60.03
13.32 -2.13940 60.08
13.37 -2.34900 60.10
13.42 -2.47350 60.10
13.47 -2.69180 60.11
13.53 -2.85000 60.11
13.59 -3.01730 60.09
