-0.88 -0.14440 78.82
-0.88 -0.14440 78.82
-0.88 -0.14440 78.84
-0.88 -0.14320 78.84
-0.88 -0.14440 78.84
-0.86 -0.14360 78.84
-0.84 -0.14320 78.86
-0.79 -0.14360 78.86
-0.74 -0.14440 78.86
-0.65 -0.14400 78.86
-0.53 -0.14470 78.87
-0.45 -0.14590 78.87
-0.32 -0.14470 78.89
-0.22 -0.14400 78.94
-0.06 -0.14510 78.94
0.04 -0.14360 78.97
0.21 -0.14360 78.97
0.41 -0.14470 79.02
0.52 -0.14440 79.02
0.68 -0.14360 79.05
0.79 -0.14320 79.05
0.94 -0.14290 79.11
1.03 -0.14210 79.12
1.16 -0.14210 79.12
1.25 -0.14290 79.16
1.38 -0.14250 79.16
1.51 -0.14170 79.21
1.58 -0.14290 79.21
1.70 -0.14210 79.22
1.77 -0.14290 79.22
1.87 -0.14250 79.25
1.94 -0.14140 79.27
2.03 -0.14100 79.27
2.14 -0.14140 79.30
2.20 -0.14140 79.30
2.29 -0.14020 79.34
2.35 -0.14100 79.34
2.44 -0.14140 79.32
2.50 -0.14060 79.32
2.58 -0.14060 79.32
2.64 -0.14060 79.36
2.71 -0.14100 79.36
2.80 -0.13950 79.39
2.86 -0.13990 79.39
2.93 -0.13990 79.43
2.99 -0.13950 79.43
3.06 -0.13950 79.43
3.11 -0.13880 79.45
3.18 -0.13910 79.45
3.26 -0.13910 79.46
3.31 -0.13990 79.46
3.39 -0.13910 79.45
3.43 -0.13840 79.44
3.50 -0.13910 79.44
3.55 -0.13840 79.45
3.62 -0.13840 79.45
3.67 -0.13880 79.49
3.74 -0.13760 79.49
3.81 -0.13800 79.50
3.86 -0.13880 79.52
3.93 -0.13840 79.52
3.97 -0.13800 79.54
4.04 -0.13760 79.54
4.08 -0.13800 79.57
4.15 -0.13690 79.57
4.23 -0.13760 79.59
4.27 -0.13760 79.59
4.33 -0.13730 79.60
4.38 -0.13690 79.64
4.44 -0.13690 79.64
4.48 -0.13840 79.64
4.55 -0.13760 79.64
4.59 -0.13800 79.69
4.66 -0.13800 79.69
4.73 -0.13800 79.72
4.77 -0.13730 79.75
4.83 -0.13730 79.75
4.88 -0.13730 79.79
4.94 -0.13690 79.79
4.98 -0.13690 79.81
5.04 -0.13800 79.81
5.11 -0.13690 79.86
5.16 -0.13730 79.90
5.22 -0.13650 79.90
5.26 -0.13690 79.93
5.32 -0.13650 79.93
5.37 -0.13760 79.96
5.43 -0.13690 79.96
5.48 -0.13690 80.00
5.53 -0.13730 80.00
5.60 -0.13730 80.04
5.65 -0.13610 80.02
5.71 -0.13690 80.02
5.75 -0.13730 80.06
5.81 -0.13800 80.06
5.85 -0.13880 80.06
5.92 -0.13730 80.07
5.99 -0.13800 80.07
6.03 -0.13650 80.11
6.09 -0.13760 80.11
6.13 -0.13690 80.12
6.19 -0.13690 80.12
6.23 -0.13730 80.12
6.29 -0.13650 80.12
6.34 -0.13650 80.12
6.40 -0.13690 80.16
6.47 -0.13570 80.16
6.51 -0.13650 80.16
6.57 -0.13650 80.16
6.61 -0.13730 80.16
6.67 -0.13610 80.16
6.71 -0.13730 80.16
6.78 -0.13730 80.12
6.84 -0.13690 80.12
6.88 -0.13690 80.14
6.94 -0.13760 80.14
6.98 -0.13730 80.12
7.04 -0.13650 80.12
7.09 -0.13730 80.09
7.15 -0.13650 80.09
7.18 -0.13690 80.09
7.25 -0.13730 80.07
7.32 -0.13610 80.07
7.36 -0.13650 80.07
7.42 -0.13610 80.07
7.46 -0.13650 80.05
7.52 -0.13610 80.05
7.56 -0.13730 80.06
7.62 -0.13690 80.06
7.69 -0.13650 80.06
7.74 -0.13730 80.09
7.79 -0.13690 80.09
7.84 -0.13760 80.07
7.90 -0.13800 80.07
7.94 -0.13690 80.04
8.00 -0.13760 80.04
8.04 -0.13690 80.04
8.10 -0.13650 80.04
8.17 -0.13760 80.04
8.21 -0.13650 80.04
8.27 -0.13690 80.04
8.32 -0.13690 80.04
8.38 -0.13690 80.04
8.41 -0.13690 80.05
8.47 -0.13760 80.05
8.54 -0.13730 80.04
8.58 -0.13840 80.04
8.64 -0.13730 79.99
8.68 -0.13690 79.99
8.75 -0.13840 80.01
8.79 -0.13840 79.97
8.85 -0.13840 79.97
8.89 -0.13760 79.96
8.95 -0.13760 79.96
9.02 -0.13840 79.97
9.06 -0.13840 79.97
9.12 -0.13840 79.96
9.16 -0.13990 79.96
9.23 -0.13950 79.96
9.26 -0.13840 79.95
9.32 -0.13880 79.95
9.39 -0.13880 79.95
9.43 -0.13730 79.95
9.49 -0.13760 79.94
9.53 -0.13800 79.94
9.59 -0.13800 79.93
9.63 -0.13760 79.93
9.70 -0.13840 79.90
9.73 -0.13840 79.90
9.79 -0.13880 79.90
9.86 -0.13840 79.90
9.90 -0.13840 79.89
9.97 -0.13760 79.89
10.00 -0.13950 79.89
10.06 -0.13800 79.87
10.10 -0.13730 79.87
10.17 -0.13760 79.87
10.24 -0.13730 79.87
10.28 -0.13800 79.89
10.33 -0.13760 79.89
10.38 -0.13840 79.89
10.44 -0.13760 79.89
10.48 -0.13760 79.93
10.54 -0.13840 79.97
10.59 -0.13910 79.97
10.64 -0.13880 79.99
10.71 -0.13990 79.99
10.75 -0.14020 80.02
10.81 -0.14020 80.02
10.85 -0.14210 80.05
10.91 -0.14320 80.05
10.96 -0.14470 80.06
11.01 -0.14740 80.06
11.08 -0.14890 80.05
11.12 -0.15190 80.06
11.18 -0.15380 80.06
11.23 -0.15750 80.10
11.28 -0.15970 80.10
11.33 -0.16310 80.14
11.39 -0.16610 80.15
11.43 -0.16990 80.15
11.49 -0.17330 80.14
11.56 -0.17890 80.14
11.60 -0.18450 80.15
11.66 -0.18820 80.15
11.70 -0.19650 80.15
11.76 -0.20470 80.15
11.80 -0.21520 80.18
11.86 -0.22540 80.19
11.93 -0.24190 80.19
11.97 -0.26440 80.22
12.03 -0.28010 80.22
12.07 -0.31130 80.25
12.13 -0.33380 80.25
12.17 -0.37390 80.21
12.23 -0.40990 80.21
12.27 -0.46460 80.21
12.34 -0.50510 80.20
12.40 -0.56770 80.20
12.44 -0.65440 80.19
12.51 -0.71780 80.18
12.54 -0.79760 80.18
12.61 -0.86920 80.16
12.64 -0.96640 80.16
12.70 -1.03840 80.15
12.77 -1.14260 80.15
12.81 -1.26790 80.14
12.88 -1.36390 80.14
12.91 -1.50940 80.14
12.98 -1.60310 80.14
13.02 -1.74900 80.12
13.08 -1.87270 80.12
13.12 -2.05090 80.10
13.19 -2.17880 80.10
13.25 -2.41010 80.07
13.29 -2.65500 80.05
13.35 -2.81100 80.05
13.39 -3.01800 80.06
